# First level, painted by the editor the first time the project is opened
# (then this file is deleted). One rectangle per line, VOXEL units (1 = 1 voxel) :
#     x_min y_min x_max y_max voxel_type      (type : position in assets/voxels.json)
900 1550 1140 1554 3
900 1554 903 1700 3
903 1554 928 1555 8
928 1554 989 1555 2
989 1554 1028 1556 8
1028 1554 1137 1558 2
1137 1554 1140 1700 3
903 1555 926 1556 8
926 1555 989 1556 2
903 1556 925 1557 8
925 1556 990 1557 2
990 1556 1028 1559 8
903 1557 924 1558 8
924 1557 990 1558 2
903 1558 923 1559 8
923 1558 990 1559 2
1028 1558 1030 1559 5
1030 1558 1137 1559 2
903 1559 921 1560 8
921 1559 991 1560 2
991 1559 1029 1562 8
1029 1559 1033 1560 5
1033 1559 1137 1560 2
903 1560 920 1561 8
920 1560 955 1561 2
955 1560 960 1561 5
960 1560 991 1561 2
1029 1560 1035 1561 5
1035 1560 1122 1561 2
1122 1560 1124 1562 11
1124 1560 1137 1562 2
903 1561 918 1562 8
918 1561 954 1562 2
954 1561 961 1562 5
961 1561 991 1562 2
1029 1561 1036 1562 5
1036 1561 1122 1562 2
903 1562 917 1563 8
917 1562 953 1563 2
953 1562 962 1563 5
962 1562 992 1563 2
992 1562 1030 1563 8
1030 1562 1036 1563 5
1036 1562 1066 1563 2
1066 1562 1070 1563 10
1070 1562 1073 1563 2
1073 1562 1075 1563 11
1075 1562 1137 1563 2
903 1563 915 1564 8
915 1563 953 1564 2
953 1563 963 1564 5
963 1563 993 1564 2
993 1563 1031 1564 8
1031 1563 1037 1564 5
1037 1563 1064 1564 2
1064 1563 1075 1564 8
1075 1563 1076 1564 11
1076 1563 1137 1564 2
914 1564 952 1565 2
952 1564 964 1565 5
964 1564 993 1565 2
1032 1564 1037 1565 5
1037 1564 1057 1565 2
1078 1564 1137 1565 2
913 1565 952 1566 2
952 1565 965 1567 5
965 1565 994 1566 2
1035 1565 1038 1566 5
1038 1565 1050 1566 2
1079 1565 1137 1566 2
911 1566 949 1567 2
949 1566 951 1568 10
951 1566 952 1568 2
965 1566 995 1567 2
1080 1566 1137 1570 2
910 1567 949 1568 2
952 1567 966 1569 5
966 1567 997 1568 2
909 1568 952 1569 2
966 1568 998 1569 2
908 1569 953 1571 2
953 1569 966 1571 5
966 1569 999 1570 2
966 1570 1000 1571 2
1079 1570 1137 1571 2
907 1571 954 1572 2
954 1571 967 1573 5
967 1571 1002 1573 2
1078 1571 1137 1572 2
906 1572 954 1573 2
1076 1572 1137 1573 2
905 1573 941 1575 2
941 1573 943 1575 11
943 1573 953 1575 2
953 1573 957 1577 10
957 1573 967 1574 5
967 1573 1003 1574 2
1073 1573 1137 1574 2
957 1574 966 1575 5
966 1574 1004 1576 2
1067 1574 1137 1575 2
904 1575 953 1576 2
957 1575 959 1576 2
959 1575 966 1576 5
1061 1575 1137 1576 2
903 1576 953 1577 2
957 1576 961 1577 2
961 1576 965 1577 5
965 1576 1004 1577 2
1057 1576 1137 1577 2
903 1577 1004 1583 2
1054 1577 1137 1578 2
1052 1578 1100 1579 2
1100 1578 1105 1579 5
1105 1578 1137 1579 2
1050 1579 1099 1580 2
1099 1579 1106 1581 5
1106 1579 1137 1581 2
1049 1580 1099 1581 2
1048 1581 1098 1582 2
1098 1581 1107 1585 5
1107 1581 1137 1585 2
1047 1582 1080 1583 2
1080 1582 1082 1583 10
1082 1582 1098 1583 2
903 1583 984 1584 2
984 1583 986 1584 10
986 1583 1003 1584 2
1046 1583 1079 1584 2
1079 1583 1083 1584 10
1083 1583 1098 1584 2
903 1584 927 1585 2
927 1584 929 1585 10
929 1584 983 1585 2
983 1584 987 1586 10
987 1584 1003 1585 2
1045 1584 1078 1585 2
1078 1584 1084 1586 10
1084 1584 1098 1585 2
903 1585 926 1587 2
926 1585 930 1587 10
930 1585 983 1586 2
987 1585 989 1586 2
989 1585 991 1587 10
991 1585 1003 1587 2
1044 1585 1078 1586 2
1084 1585 1097 1586 2
1097 1585 1106 1588 5
1106 1585 1137 1588 2
930 1586 984 1587 2
984 1586 986 1587 10
986 1586 989 1587 2
1044 1586 1079 1587 2
1079 1586 1083 1587 10
1083 1586 1097 1587 2
903 1587 927 1588 2
927 1587 929 1588 10
929 1587 1003 1588 2
1043 1587 1080 1588 2
1080 1587 1082 1588 10
1082 1587 1097 1588 2
903 1588 911 1592 2
911 1588 915 1592 10
915 1588 1003 1590 2
1042 1588 1098 1590 2
1098 1588 1105 1590 5
1105 1588 1137 1589 2
1105 1589 1106 1590 2
1114 1589 1137 1590 2
915 1590 992 1591 2
992 1590 994 1591 10
994 1590 1003 1591 2
1041 1590 1099 1592 2
1099 1590 1104 1591 5
1119 1590 1137 1591 2
915 1591 991 1592 2
991 1591 995 1593 10
995 1591 1003 1593 2
1099 1591 1103 1592 5
1122 1591 1137 1592 2
903 1592 941 1593 2
941 1592 943 1594 10
943 1592 991 1593 2
1040 1592 1102 1593 2
1124 1592 1137 1593 2
903 1593 929 1594 2
929 1593 930 1594 5
930 1593 941 1594 2
943 1593 990 1594 2
990 1593 994 1597 10
994 1593 1003 1598 2
1039 1593 1101 1595 2
1126 1593 1137 1594 2
903 1594 927 1595 2
927 1594 932 1595 5
932 1594 981 1595 2
981 1594 985 1595 5
985 1594 990 1595 2
1128 1594 1137 1595 2
903 1595 926 1596 2
926 1595 933 1596 5
933 1595 979 1596 2
979 1595 989 1596 5
989 1595 990 1596 2
1038 1595 1100 1596 2
1129 1595 1137 1596 2
903 1596 925 1597 2
925 1596 934 1597 5
934 1596 974 1597 2
974 1596 976 1598 11
976 1596 979 1598 2
979 1596 990 1597 5
1037 1596 1080 1597 2
1080 1596 1082 1597 10
1082 1596 1100 1597 2
1131 1596 1137 1597 2
903 1597 920 1598 2
920 1597 922 1598 10
922 1597 925 1598 2
925 1597 930 1598 5
939 1597 974 1598 2
979 1597 994 1598 5
1036 1597 1079 1598 2
1079 1597 1083 1598 10
1083 1597 1100 1598 2
1132 1597 1137 1598 2
903 1598 919 1600 2
919 1598 923 1600 10
923 1598 924 1600 2
924 1598 928 1599 5
928 1598 929 1599 6
942 1598 979 1599 2
979 1598 985 1600 5
985 1598 987 1600 10
987 1598 996 1599 5
996 1598 1004 1599 2
1035 1598 1078 1599 2
1078 1598 1084 1600 10
1084 1598 1100 1600 2
1133 1598 1137 1599 2
924 1599 927 1602 5
927 1599 929 1602 6
944 1599 979 1600 2
987 1599 997 1600 5
997 1599 1005 1600 2
1033 1599 1078 1600 2
1135 1599 1137 1600 2
903 1600 920 1601 2
920 1600 922 1601 10
922 1600 924 1601 2
946 1600 979 1601 2
979 1600 998 1601 5
998 1600 1006 1601 2
1031 1600 1079 1601 2
1079 1600 1083 1601 10
1083 1600 1100 1601 2
1136 1600 1137 1601 2
903 1601 924 1603 2
949 1601 979 1602 2
979 1601 999 1603 5
999 1601 1007 1602 2
1029 1601 1080 1602 2
1080 1601 1082 1602 10
1082 1601 1101 1602 2
924 1602 928 1603 5
951 1602 979 1603 2
999 1602 1011 1603 2
1025 1602 1031 1603 2
1031 1602 1033 1604 11
1033 1602 1101 1603 2
903 1603 908 1607 2
908 1603 912 1607 10
912 1603 924 1606 2
924 1603 929 1604 5
953 1603 980 1604 2
980 1603 1000 1606 5
1000 1603 1031 1604 2
1033 1603 1102 1604 2
924 1604 930 1605 5
957 1604 980 1605 2
1000 1604 1059 1606 2
1059 1604 1063 1608 10
1063 1604 1102 1608 2
924 1605 931 1606 5
961 1605 980 1606 2
1102 1605 1103 1606 10
912 1606 925 1607 2
925 1606 932 1607 5
966 1606 981 1607 2
981 1606 997 1607 5
997 1606 999 1607 10
999 1606 1000 1607 5
1000 1606 1015 1608 2
1015 1606 1017 1608 10
1017 1606 1059 1608 2
1102 1606 1104 1607 10
903 1607 925 1608 2
925 1607 933 1608 5
972 1607 982 1608 2
982 1607 996 1609 5
996 1607 1000 1609 10
1102 1607 1106 1609 10
903 1608 927 1609 2
927 1608 932 1609 5
932 1608 935 1609 2
978 1608 982 1609 2
1000 1608 1102 1609 2
1106 1608 1109 1609 2
903 1609 936 1610 2
982 1609 983 1610 2
983 1609 997 1610 5
997 1609 999 1610 10
999 1609 1112 1610 2
903 1610 937 1611 2
985 1610 999 1611 5
999 1610 1116 1611 2
903 1611 938 1612 2
987 1611 998 1612 5
998 1611 1065 1613 2
1065 1611 1067 1613 10
1067 1611 1120 1613 2
903 1612 939 1613 2
988 1612 996 1613 5
996 1612 998 1614 10
1120 1612 1122 1614 11
1122 1612 1124 1613 2
903 1613 912 1616 2
912 1613 916 1617 10
916 1613 940 1614 2
989 1613 996 1614 5
998 1613 1120 1614 2
1122 1613 1126 1614 2
916 1614 941 1615 2
990 1614 1126 1615 2
1126 1614 1128 1615 5
916 1615 942 1617 2
990 1615 1124 1616 2
1124 1615 1130 1616 5
903 1616 906 1618 2
906 1616 908 1618 10
908 1616 912 1617 2
991 1616 1037 1617 2
1037 1616 1039 1617 11
1039 1616 1068 1617 2
1075 1616 1123 1617 2
1123 1616 1131 1617 5
908 1617 943 1618 2
991 1617 1036 1619 2
1036 1617 1040 1619 11
1040 1617 1062 1618 2
1080 1617 1113 1618 2
1113 1617 1115 1618 10
1115 1617 1123 1618 2
1123 1617 1132 1618 5
903 1618 943 1619 2
1040 1618 1059 1619 2
1083 1618 1112 1619 2
1112 1618 1116 1620 10
1116 1618 1122 1620 2
1122 1618 1133 1620 5
903 1619 944 1622 2
991 1619 1037 1620 2
1037 1619 1039 1620 11
1039 1619 1057 1620 2
1084 1619 1112 1620 2
991 1620 1056 1621 2
1085 1620 1113 1621 2
1113 1620 1115 1621 10
1115 1620 1121 1621 2
1121 1620 1134 1623 5
991 1621 1055 1622 2
1086 1621 1121 1622 2
1134 1621 1135 1623 2
903 1622 945 1625 2
991 1622 1054 1623 2
1087 1622 1121 1624 2
991 1623 1044 1624 2
1044 1623 1046 1625 11
1046 1623 1053 1624 2
1121 1623 1133 1624 5
1133 1623 1136 1625 2
990 1624 1044 1625 2
1046 1624 1052 1625 2
1087 1624 1122 1625 2
1122 1624 1133 1625 5
903 1625 946 1628 2
990 1625 1052 1626 2
1088 1625 1122 1627 2
1122 1625 1132 1627 5
1132 1625 1136 1626 2
990 1626 994 1627 2
994 1626 996 1628 10
996 1626 1051 1627 2
1132 1626 1137 1627 2
989 1627 994 1628 2
996 1627 1050 1628 2
1088 1627 1123 1628 2
1123 1627 1131 1628 5
1131 1627 1137 1628 2
903 1628 907 1630 2
907 1628 911 1632 10
911 1628 946 1629 2
989 1628 1050 1629 2
1088 1628 1124 1629 2
1124 1628 1130 1629 5
1130 1628 1137 1629 2
911 1629 947 1631 2
989 1629 997 1630 2
997 1629 999 1630 11
999 1629 1050 1630 2
1088 1629 1125 1630 2
1125 1629 1128 1630 5
1128 1629 1137 1630 2
903 1630 904 1631 2
904 1630 907 1631 5
988 1630 996 1631 2
996 1630 1000 1632 11
1000 1630 1049 1632 2
1088 1630 1090 1634 2
1090 1630 1094 1634 10
1094 1630 1137 1634 2
903 1631 907 1632 5
911 1631 912 1632 5
912 1631 947 1632 2
987 1631 996 1632 2
903 1632 913 1634 5
913 1632 947 1633 2
987 1632 997 1633 2
997 1632 999 1633 11
999 1632 1048 1633 2
913 1633 948 1634 2
986 1633 1048 1634 2
903 1634 914 1644 5
914 1634 948 1636 2
985 1634 1048 1635 2
1088 1634 1137 1636 2
983 1635 1047 1636 2
914 1636 949 1639 2
982 1636 984 1638 10
984 1636 995 1637 2
995 1636 1001 1637 4
1001 1636 1047 1637 2
1087 1636 1137 1639 2
980 1637 982 1638 4
984 1637 988 1638 2
988 1637 1003 1638 4
1003 1637 1020 1638 2
1020 1637 1022 1638 11
1022 1637 1046 1638 2
949 1638 950 1639 10
977 1638 1003 1639 4
1003 1638 1019 1640 2
1019 1638 1023 1640 11
1023 1638 1046 1639 2
914 1639 924 1641 2
924 1639 926 1641 10
926 1639 949 1641 2
949 1639 951 1640 10
974 1639 976 1640 2
976 1639 1003 1640 4
1023 1639 1045 1640 2
1086 1639 1137 1641 2
949 1640 952 1641 10
970 1640 977 1641 2
977 1640 1003 1642 4
1003 1640 1020 1641 2
1020 1640 1022 1641 11
1022 1640 1045 1641 2
914 1641 954 1642 2
964 1641 977 1642 2
1003 1641 1044 1643 2
1085 1641 1137 1642 2
914 1642 978 1643 2
978 1642 1003 1643 4
1084 1642 1137 1643 2
914 1643 979 1644 2
979 1643 1004 1644 4
1004 1643 1043 1644 2
1083 1643 1137 1644 2
903 1644 913 1647 5
913 1644 981 1645 2
981 1644 1004 1645 4
1004 1644 1042 1645 2
1082 1644 1137 1645 2
913 1645 986 1646 2
986 1645 1003 1646 4
1003 1645 1041 1646 2
1080 1645 1137 1646 2
913 1646 1040 1647 2
1078 1646 1137 1647 2
903 1647 912 1648 5
912 1647 1038 1648 2
1076 1647 1137 1648 2
903 1648 911 1649 5
911 1648 941 1649 2
943 1648 1037 1649 2
1073 1648 1137 1649 2
903 1649 904 1650 2
904 1649 910 1650 5
910 1649 936 1650 2
947 1649 1008 1650 2
1008 1649 1012 1650 4
1012 1649 1035 1650 2
1070 1649 1137 1650 2
903 1650 906 1651 2
906 1650 909 1651 5
909 1650 934 1651 2
948 1650 1007 1651 2
1007 1650 1015 1651 4
1015 1650 1033 1651 2
1067 1650 1073 1651 2
1073 1650 1080 1651 1
1080 1650 1082 1654 11
1082 1650 1137 1651 2
903 1651 932 1653 2
949 1651 963 1652 2
963 1651 974 1652 1
974 1651 1008 1652 2
1008 1651 1017 1652 4
1017 1651 1031 1652 2
1065 1651 1071 1652 2
1071 1651 1080 1652 1
1082 1651 1085 1652 1
1085 1651 1137 1652 2
950 1652 960 1653 2
960 1652 977 1653 1
977 1652 995 1653 2
995 1652 1001 1653 1
1001 1652 1008 1653 2
1008 1652 1018 1653 4
1018 1652 1030 1653 2
1062 1652 1068 1653 2
1068 1652 1080 1653 1
1082 1652 1088 1653 1
1088 1652 1137 1653 2
903 1653 931 1655 2
951 1653 958 1654 2
958 1653 982 1654 1
982 1653 988 1654 2
988 1653 1005 1654 1
1005 1653 1008 1654 2
1008 1653 1019 1654 4
1019 1653 1029 1654 2
1060 1653 1067 1654 2
1067 1653 1080 1654 1
1082 1653 1091 1654 1
1091 1653 1137 1654 2
952 1654 956 1655 2
956 1654 1007 1655 1
1007 1654 1009 1655 2
1009 1654 1019 1656 4
1019 1654 1027 1656 2
1059 1654 1065 1655 2
1065 1654 1096 1655 1
1096 1654 1099 1655 2
1099 1654 1114 1655 1
1114 1654 1137 1655 2
903 1655 932 1656 2
953 1655 1009 1656 1
1057 1655 1061 1656 2
1061 1655 1119 1656 1
1119 1655 1137 1656 2
903 1656 904 1657 1
904 1656 928 1657 2
928 1656 930 1657 1
930 1656 932 1657 2
954 1656 1010 1657 1
1010 1656 1020 1657 4
1020 1656 1026 1657 2
1056 1656 1058 1657 2
1058 1656 1121 1657 1
1121 1656 1137 1657 2
903 1657 906 1658 1
906 1657 921 1658 2
921 1657 933 1658 1
955 1657 1011 1658 1
1011 1657 1019 1658 4
1019 1657 1026 1658 2
1055 1657 1123 1658 1
1123 1657 1137 1658 2
903 1658 909 1659 1
909 1658 917 1659 2
917 1658 933 1659 1
956 1658 1012 1659 1
1012 1658 1019 1659 4
1019 1658 1025 1659 2
1055 1658 1125 1659 1
1125 1658 1137 1659 2
903 1659 934 1660 1
957 1659 1013 1660 1
1013 1659 1018 1660 4
1018 1659 1020 1660 1
1020 1659 1025 1660 2
1054 1659 1127 1660 1
1127 1659 1137 1660 2
903 1660 935 1662 1
958 1660 1025 1661 1
1053 1660 1137 1662 1
956 1661 1026 1662 1
903 1662 936 1663 1
953 1662 1026 1663 1
1052 1662 1137 1663 1
903 1663 937 1665 1
951 1663 1027 1664 1
1037 1663 1048 1664 1
1052 1663 1073 1664 1
1082 1663 1137 1664 1
948 1664 963 1665 1
974 1664 1028 1665 1
1033 1664 1071 1665 1
1085 1664 1137 1665 1
903 1665 960 1666 1
977 1665 995 1666 1
1001 1665 1029 1666 1
1030 1665 1068 1666 1
1088 1665 1137 1666 1
903 1666 922 1669 1
922 1666 942 1668 12
942 1666 958 1667 1
982 1666 988 1667 1
1005 1666 1067 1667 1
1091 1666 1137 1667 1
942 1667 956 1668 1
1007 1667 1065 1668 1
1096 1667 1099 1668 1
1114 1667 1137 1668 1
922 1668 923 1676 12
942 1668 953 1669 1
1011 1668 1061 1669 1
1119 1668 1137 1669 1
904 1669 922 1670 1
942 1669 951 1670 1
1012 1669 1037 1670 1
1048 1669 1058 1670 1
1121 1669 1124 1670 1
1124 1669 1125 1670 4
1125 1669 1137 1670 1
906 1670 921 1671 1
942 1670 948 1671 1
1014 1670 1033 1671 1
1123 1670 1128 1671 4
1128 1670 1137 1671 1
909 1671 917 1672 1
1016 1671 1030 1672 1
1125 1671 1130 1672 4
1130 1671 1137 1672 1
941 1672 942 1676 12
1020 1672 1026 1673 1
1127 1672 1132 1673 4
1132 1672 1137 1673 1
921 1676 943 1677 14
