# First level, painted by the editor the first time the project is opened
# (then this file is deleted). One rectangle per line, VOXEL units (1 = 1 voxel) :
#     x_min y_min x_max y_max voxel_type      (type : position in assets/voxels.json)
900 1600 1230 1603 3
900 1603 904 1680 3
904 1603 970 1626 2
970 1603 990 1626 3
990 1603 1070 1626 2
1070 1603 1086 1626 3
1086 1603 1226 1626 2
1226 1603 1230 1680 3
904 1626 1226 1630 2
904 1630 970 1638 2
970 1630 990 1636 10
990 1630 1070 1635 2
1070 1630 1086 1634 11
1086 1630 1226 1635 2
990 1635 996 1636 2
996 1635 1000 1636 1
1000 1635 1013 1636 6
1013 1635 1046 1636 2
1046 1635 1060 1636 7
1060 1635 1070 1636 2
1086 1635 1167 1636 2
1167 1635 1185 1636 1
1185 1635 1219 1636 2
1219 1635 1226 1636 1
990 1636 992 1637 2
992 1636 996 1637 1
1013 1636 1019 1637 6
1019 1636 1040 1637 2
1040 1636 1045 1637 1
1045 1636 1046 1637 7
1060 1636 1065 1637 1
1065 1636 1070 1637 2
1086 1636 1163 1637 2
1163 1636 1167 1637 1
1185 1636 1190 1637 1
1190 1636 1212 1637 2
1212 1636 1219 1637 1
990 1637 992 1638 1
1019 1637 1029 1638 6
1029 1637 1030 1638 2
1030 1637 1040 1638 6
1065 1637 1068 1638 1
1068 1637 1070 1638 2
1086 1637 1160 1638 2
1160 1637 1163 1638 1
1190 1637 1200 1638 1
1200 1637 1202 1638 2
1202 1637 1212 1638 1
904 1638 943 1639 2
943 1638 944 1639 1
944 1638 970 1639 2
1029 1638 1030 1639 6
1068 1638 1070 1639 1
1086 1638 1114 1639 2
1114 1638 1116 1639 1
1116 1638 1154 1639 2
1154 1638 1160 1639 1
1160 1638 1162 1639 9
1190 1638 1196 1649 4
1200 1638 1202 1639 1
904 1639 907 1640 1
907 1639 933 1640 2
933 1639 943 1640 1
944 1639 954 1640 1
954 1639 970 1640 2
1086 1639 1104 1640 2
1104 1639 1114 1640 1
1116 1639 1126 1640 1
1126 1639 1150 1640 2
1150 1639 1154 1640 1
1154 1639 1160 1640 9
907 1640 911 1641 1
911 1640 927 1641 2
927 1640 933 1641 1
954 1640 960 1641 1
960 1640 970 1641 2
1086 1640 1099 1641 2
1099 1640 1104 1641 1
1110 1640 1112 1642 12
1126 1640 1133 1641 1
1133 1640 1145 1641 2
1145 1640 1150 1641 1
1150 1640 1154 1641 9
911 1641 927 1642 1
960 1641 970 1642 1
1086 1641 1096 1642 1
1096 1641 1101 1642 8
1118 1641 1120 1643 12
1126 1641 1128 1643 12
1133 1641 1140 1642 1
1140 1641 1143 1652 3
1143 1641 1145 1642 1
1132 1642 1134 1644 12
974 1644 980 1645 5
1072 1645 1077 1646 5
983 1647 988 1648 5
1080 1649 1085 1650 5
1105 1650 1140 1652 4
1114 1652 1124 1656 13
