# First level, painted by the editor the first time the project is opened
# (then this file is deleted). One rectangle per line, VOXEL units (1 = 1 voxel) :
#     x_min y_min x_max y_max voxel_type      (type : position in assets/voxels.json)
900 1600 1050 1603 3
900 1603 903 1707 3
903 1603 1047 1605 1
1047 1603 1050 1707 3
903 1605 906 1606 1
906 1605 909 1606 6
909 1605 912 1606 1
912 1605 915 1606 6
915 1605 918 1606 1
918 1605 921 1606 6
921 1605 924 1606 1
924 1605 927 1606 6
927 1605 930 1606 1
930 1605 933 1606 6
933 1605 936 1606 1
936 1605 939 1606 6
939 1605 942 1606 1
942 1605 945 1606 6
945 1605 948 1606 1
948 1605 951 1606 6
951 1605 954 1606 1
954 1605 957 1606 6
957 1605 960 1606 1
960 1605 963 1606 6
963 1605 966 1606 1
966 1605 969 1606 6
969 1605 972 1606 1
972 1605 975 1606 6
975 1605 978 1606 1
978 1605 981 1606 6
981 1605 984 1606 1
984 1605 987 1606 6
987 1605 990 1606 1
990 1605 993 1606 6
993 1605 996 1606 1
996 1605 999 1606 6
999 1605 1002 1606 1
1002 1605 1005 1606 6
1005 1605 1008 1606 1
1008 1605 1011 1606 6
1011 1605 1014 1606 1
1014 1605 1017 1606 6
1017 1605 1020 1606 1
1020 1605 1023 1606 6
1023 1605 1026 1606 1
1026 1605 1029 1606 6
1029 1605 1032 1606 1
1032 1605 1035 1606 6
1035 1605 1038 1606 1
1038 1605 1041 1606 6
1041 1605 1047 1606 1
903 1606 1047 1615 1
903 1615 920 1695 1
920 1615 1030 1619 2
1030 1615 1047 1695 1
920 1619 930 1625 2
930 1619 936 1625 4
936 1619 1030 1624 2
936 1624 959 1625 2
959 1624 965 1630 4
965 1624 1030 1630 2
920 1625 959 1630 2
920 1630 944 1636 2
944 1630 950 1636 4
950 1630 964 1633 2
964 1630 980 1633 5
980 1630 1030 1633 2
950 1633 1030 1636 2
920 1636 1030 1638 2
920 1638 954 1639 2
954 1638 960 1639 6
960 1638 990 1639 2
990 1638 996 1639 6
996 1638 1030 1639 2
920 1639 955 1643 2
955 1639 959 1643 3
959 1639 991 1643 2
991 1639 995 1643 3
995 1639 1030 1643 2
920 1643 1030 1649 2
920 1649 963 1651 2
963 1649 966 1651 5
966 1649 1030 1655 2
920 1651 961 1652 2
961 1651 966 1665 5
920 1652 936 1655 5
936 1652 961 1655 2
920 1655 952 1661 2
952 1655 958 1661 4
958 1655 961 1661 2
966 1655 992 1661 2
992 1655 998 1661 4
998 1655 1030 1661 2
920 1661 961 1666 2
966 1661 1030 1663 2
966 1663 990 1665 2
990 1663 996 1666 4
996 1663 1030 1669 2
961 1665 964 1667 5
964 1665 990 1667 2
920 1666 954 1667 2
954 1666 960 1667 6
960 1666 961 1667 2
990 1666 996 1667 6
920 1667 955 1671 2
955 1667 959 1671 3
959 1667 990 1669 2
990 1667 991 1669 4
991 1667 995 1671 3
995 1667 996 1669 4
959 1669 991 1671 2
995 1669 1030 1671 2
920 1671 1030 1673 2
920 1673 969 1676 2
969 1673 985 1676 5
985 1673 1030 1676 2
920 1676 1030 1677 2
920 1677 953 1683 2
953 1677 959 1683 4
959 1677 1030 1678 2
959 1678 972 1681 2
972 1678 978 1681 4
978 1678 1030 1684 2
959 1681 971 1683 2
971 1681 978 1684 4
920 1683 971 1687 2
971 1684 977 1687 4
977 1684 1030 1687 2
920 1687 1030 1695 2
903 1695 1047 1704 1
903 1704 906 1705 1
906 1704 909 1705 6
909 1704 912 1705 1
912 1704 915 1705 6
915 1704 918 1705 1
918 1704 921 1705 6
921 1704 924 1705 1
924 1704 927 1705 6
927 1704 930 1705 1
930 1704 933 1705 6
933 1704 936 1705 1
936 1704 939 1705 6
939 1704 942 1705 1
942 1704 945 1705 6
945 1704 948 1705 1
948 1704 951 1705 6
951 1704 954 1705 1
954 1704 957 1705 6
957 1704 960 1705 1
960 1704 963 1705 6
963 1704 966 1705 1
966 1704 969 1705 6
969 1704 972 1705 1
972 1704 975 1705 6
975 1704 978 1705 1
978 1704 981 1705 6
981 1704 984 1705 1
984 1704 987 1705 6
987 1704 990 1705 1
990 1704 993 1705 6
993 1704 996 1705 1
996 1704 999 1705 6
999 1704 1002 1705 1
1002 1704 1005 1705 6
1005 1704 1008 1705 1
1008 1704 1011 1705 6
1011 1704 1014 1705 1
1014 1704 1017 1705 6
1017 1704 1020 1705 1
1020 1704 1023 1705 6
1023 1704 1026 1705 1
1026 1704 1029 1705 6
1029 1704 1032 1705 1
1032 1704 1035 1705 6
1035 1704 1038 1705 1
1038 1704 1041 1705 6
1041 1704 1047 1705 1
903 1705 1047 1707 1
900 1707 1050 1710 3
