# First level, painted by the editor the first time the project is opened
# (then this file is deleted). One rectangle per line, VOXEL units (1 = 1 voxel) :
#     x_min y_min x_max y_max voxel_type      (type : position in assets/voxels.json)
900 1400 1320 1404 3
904 1404 1040 1405 2
904 1405 1018 1406 2
1018 1405 1019 1406 1
1019 1405 1040 1406 2
904 1406 1015 1407 2
1015 1406 1022 1407 1
1022 1406 1040 1407 2
1262 1404 1316 1408 2
1262 1408 1263 1409 1
1263 1408 1316 1409 2
1040 1404 1262 1410 3
904 1407 1014 1410 2
1014 1407 1023 1410 1
1023 1407 1040 1410 2
1262 1409 1265 1410 1
1265 1409 1316 1410 2
904 1410 1013 1411 2
1013 1410 1024 1411 1
1024 1410 1040 1411 2
1266 1410 1267 1411 1
1267 1410 1316 1411 2
1050 1410 1220 1412 1
904 1411 944 1412 2
944 1411 945 1412 1
945 1411 1014 1412 2
1266 1411 1268 1413 1
1268 1411 1316 1413 2
1050 1412 1056 1413 1
1056 1412 1059 1413 5
1059 1412 1220 1413 1
1014 1411 1023 1414 1
1023 1411 1040 1414 2
904 1412 942 1414 2
942 1412 947 1414 1
947 1412 1014 1414 2
1050 1413 1057 1414 4
1057 1413 1059 1414 5
1059 1413 1168 1414 4
1168 1413 1171 1414 5
1171 1413 1220 1414 4
904 1414 941 1415 2
941 1414 948 1415 1
948 1414 1015 1415 2
1015 1414 1022 1415 1
1022 1414 1040 1415 2
904 1415 940 1416 2
940 1415 941 1416 1
941 1415 942 1416 2
942 1415 947 1416 1
947 1415 1018 1416 2
1018 1415 1019 1416 1
1019 1415 1040 1416 2
904 1416 938 1417 2
938 1416 947 1417 1
947 1416 961 1417 2
961 1416 962 1417 1
962 1416 1040 1417 2
937 1417 945 1418 1
945 1417 959 1418 2
959 1417 964 1418 1
964 1417 1040 1418 2
904 1417 937 1419 2
937 1418 944 1419 1
944 1418 958 1419 2
958 1418 965 1420 1
965 1418 1040 1420 2
904 1419 915 1420 2
915 1419 916 1420 1
916 1419 936 1420 2
936 1419 945 1420 1
945 1419 958 1420 2
904 1420 912 1421 2
912 1420 919 1421 1
919 1420 937 1421 2
944 1420 957 1421 2
957 1420 966 1421 1
966 1420 1040 1421 2
937 1420 944 1422 1
904 1421 911 1422 2
911 1421 920 1422 1
920 1421 937 1422 2
944 1421 958 1422 2
958 1421 965 1423 1
965 1421 1040 1423 2
921 1422 938 1423 2
938 1422 943 1423 1
943 1422 958 1423 2
1266 1413 1269 1424 1
1269 1413 1316 1424 2
921 1423 940 1424 2
940 1423 941 1424 1
941 1423 959 1424 2
959 1423 964 1424 1
964 1423 1040 1424 2
904 1422 910 1425 2
910 1422 921 1425 1
921 1424 961 1425 2
961 1424 962 1425 1
962 1424 1040 1425 2
904 1425 909 1426 2
909 1425 922 1426 1
922 1425 1040 1426 2
1266 1424 1268 1427 1
1268 1424 1316 1427 2
921 1426 1040 1428 2
904 1426 910 1429 2
910 1426 921 1429 1
921 1428 1005 1429 2
1005 1428 1006 1429 1
1006 1428 1040 1429 2
1220 1410 1230 1430 12
1262 1410 1266 1430 3
1266 1427 1267 1430 1
1267 1427 1316 1430 2
904 1429 911 1430 2
911 1429 920 1430 1
920 1429 948 1430 2
948 1429 949 1430 1
949 1429 1002 1430 2
1002 1429 1009 1430 1
1009 1429 1040 1430 2
904 1430 912 1431 2
912 1430 919 1431 1
919 1430 946 1431 2
946 1430 951 1431 1
951 1430 1001 1431 2
1001 1430 1010 1431 1
1010 1430 1040 1431 2
904 1431 915 1432 2
915 1431 916 1432 1
916 1431 945 1432 2
945 1431 952 1433 1
952 1431 1000 1433 2
904 1432 945 1433 2
1000 1431 1011 1434 1
1011 1431 1040 1434 2
904 1433 944 1434 2
944 1433 953 1434 1
953 1433 1000 1434 2
952 1434 999 1435 2
999 1434 1012 1435 1
1012 1434 1040 1435 2
1220 1430 1266 1436 3
1266 1430 1316 1436 2
904 1434 945 1436 2
945 1434 952 1436 1
952 1435 1000 1436 2
904 1436 946 1437 2
946 1436 951 1437 1
951 1436 1000 1437 2
1235 1436 1298 1437 2
1298 1436 1299 1437 1
1299 1436 1316 1437 2
1000 1435 1011 1438 1
1011 1435 1040 1438 2
904 1437 948 1438 2
948 1437 949 1438 1
949 1437 1000 1438 2
1235 1437 1296 1438 2
1296 1437 1301 1438 1
1301 1437 1316 1438 2
904 1438 1001 1439 2
1001 1438 1010 1439 1
1010 1438 1040 1439 2
1235 1438 1295 1440 2
1295 1438 1302 1440 1
1302 1438 1316 1440 2
904 1439 1002 1440 2
1002 1439 1009 1440 1
1009 1439 1040 1440 2
904 1440 1005 1441 2
1005 1440 1006 1441 1
1006 1440 1040 1441 2
1235 1440 1294 1441 2
1294 1440 1303 1441 1
1303 1440 1316 1441 2
1235 1441 1295 1443 2
1295 1441 1302 1443 1
1302 1441 1316 1443 2
1040 1410 1050 1444 3
1220 1436 1235 1444 3
1050 1440 1126 1444 2
1140 1440 1220 1444 2
1235 1443 1242 1444 2
1242 1443 1243 1444 1
1243 1443 1296 1444 2
1296 1443 1301 1444 1
1301 1443 1316 1444 2
1235 1444 1239 1445 2
1239 1444 1246 1445 1
1246 1444 1298 1445 2
1298 1444 1299 1445 1
1299 1444 1316 1445 2
1235 1445 1238 1446 2
1238 1445 1247 1446 1
1247 1445 1316 1446 2
1235 1446 1237 1447 2
1237 1446 1248 1447 1
1248 1446 1316 1447 2
904 1441 1040 1450 2
1235 1447 1236 1450 2
1236 1447 1249 1450 1
1249 1447 1316 1450 2
904 1450 1007 1451 2
1007 1450 1008 1451 1
1008 1450 1040 1451 2
1235 1450 1250 1451 1
1250 1450 1316 1451 2
1040 1444 1126 1452 3
1140 1444 1235 1452 3
904 1451 1004 1452 2
1004 1451 1011 1452 1
1011 1451 1017 1452 2
1017 1451 1018 1452 1
1018 1451 1040 1452 2
1235 1451 1236 1452 2
1249 1451 1316 1453 2
904 1452 1003 1453 2
1003 1452 1012 1453 1
1012 1452 1014 1453 2
1014 1452 1021 1453 1
1021 1452 1142 1453 2
1142 1452 1144 1453 1
1144 1452 1153 1453 2
1236 1451 1249 1454 1
1176 1452 1177 1454 1
1177 1452 1236 1454 2
904 1453 914 1454 2
914 1453 918 1454 1
918 1453 945 1454 2
945 1453 952 1454 1
952 1453 1002 1454 2
1002 1453 1027 1454 1
1027 1453 1054 1454 2
1054 1453 1065 1454 1
1065 1453 1142 1454 2
1142 1453 1143 1454 1
1143 1453 1153 1454 2
1249 1453 1278 1454 2
1278 1453 1287 1454 1
1287 1453 1316 1454 2
1153 1452 1155 1455 1
904 1454 913 1455 2
913 1454 921 1455 1
921 1454 940 1455 2
940 1454 956 1455 1
956 1454 984 1455 2
984 1454 987 1455 1
987 1454 1001 1455 2
1001 1454 1030 1455 1
1030 1454 1050 1455 2
1050 1454 1068 1455 1
1068 1454 1091 1455 2
1091 1454 1100 1455 1
1100 1454 1153 1455 2
1176 1454 1180 1455 1
1180 1454 1199 1455 2
1199 1454 1213 1455 1
1213 1454 1237 1455 2
1237 1454 1248 1455 1
1248 1454 1275 1455 2
1275 1454 1290 1455 1
1290 1454 1316 1455 2
904 1455 912 1456 2
912 1455 923 1456 1
923 1455 936 1456 2
936 1455 958 1456 1
958 1455 978 1456 2
978 1455 988 1456 1
988 1455 1001 1456 2
1001 1455 1032 1456 1
1032 1455 1047 1456 2
1047 1455 1071 1456 1
1071 1455 1086 1456 2
1086 1455 1103 1456 1
1103 1455 1152 1456 2
1152 1455 1155 1456 1
1176 1455 1182 1456 1
1182 1455 1195 1456 2
1195 1455 1216 1456 1
1216 1455 1232 1456 2
1232 1455 1233 1456 1
1233 1455 1237 1456 2
1237 1455 1250 1456 1
1250 1455 1272 1456 2
1272 1455 1292 1456 1
1292 1455 1316 1456 2
911 1456 927 1457 1
927 1456 931 1457 2
931 1456 961 1457 1
961 1456 973 1457 2
973 1456 989 1457 1
989 1456 1001 1457 2
1001 1456 1034 1457 1
1034 1456 1046 1457 2
1046 1456 1075 1457 1
1075 1456 1080 1457 2
1080 1456 1106 1457 1
1106 1456 1123 1457 2
1123 1456 1124 1457 1
1124 1456 1153 1457 2
1176 1456 1187 1457 1
1187 1456 1188 1457 2
1188 1456 1219 1457 1
1219 1456 1229 1457 2
1229 1456 1252 1457 1
1252 1456 1270 1457 2
1270 1456 1294 1457 1
1294 1456 1301 1457 2
1301 1456 1304 1457 1
1304 1456 1316 1457 2
1155 1452 1176 1458 7
904 1456 911 1458 2
1153 1456 1155 1458 1
911 1457 954 1458 1
954 1457 957 1458 5
957 1457 969 1458 1
969 1457 972 1458 5
972 1457 990 1458 1
990 1457 1000 1458 2
1000 1457 1039 1458 1
1039 1457 1045 1458 2
1045 1457 1109 1458 1
1109 1457 1119 1458 2
1119 1457 1124 1458 1
1142 1457 1145 1458 1
1145 1457 1153 1458 2
1176 1457 1218 1458 1
1218 1457 1221 1458 5
1221 1457 1255 1458 1
1255 1457 1267 1458 2
1267 1457 1306 1458 1
1306 1457 1316 1458 2
904 1458 910 1459 2
910 1458 955 1459 1
955 1458 957 1459 5
957 1458 970 1459 1
970 1458 972 1459 5
972 1458 991 1459 1
1001 1458 1013 1459 1
1013 1458 1016 1459 5
1016 1458 1039 1459 1
1039 1458 1044 1459 2
1044 1458 1112 1459 1
1112 1458 1115 1459 5
1115 1458 1124 1459 1
1142 1458 1155 1459 1
1176 1458 1219 1459 1
1219 1458 1221 1459 5
1221 1458 1238 1459 1
1238 1458 1241 1459 5
1241 1458 1308 1459 1
1308 1458 1316 1459 2
1124 1457 1142 1460 2
991 1458 1001 1460 2
904 1459 909 1460 2
909 1459 914 1460 1
914 1459 988 1460 4
988 1459 991 1460 1
1001 1459 1002 1460 1
1002 1459 1014 1460 4
1014 1459 1016 1460 5
1016 1459 1039 1460 4
1039 1459 1040 1460 1
1040 1459 1044 1460 2
1044 1459 1046 1460 1
1046 1459 1086 1460 4
1086 1459 1089 1460 5
1089 1459 1113 1460 4
1113 1459 1115 1460 5
1115 1459 1124 1460 4
1142 1459 1155 1460 4
1176 1459 1228 1460 4
1228 1459 1230 1460 1
1230 1459 1239 1460 4
1239 1459 1241 1460 5
1241 1459 1243 1460 4
1243 1459 1244 1460 1
1244 1459 1304 1460 4
1304 1459 1309 1460 1
1309 1459 1316 1460 2
904 1460 908 1461 2
908 1460 913 1461 1
913 1460 914 1461 4
988 1460 989 1461 4
989 1460 1001 1461 1
1001 1460 1002 1461 4
1228 1460 1229 1461 4
1229 1460 1230 1461 1
1243 1460 1244 1461 4
1304 1460 1305 1461 4
1305 1460 1310 1461 1
1310 1460 1316 1461 2
904 1461 907 1462 2
907 1461 912 1462 1
912 1461 913 1462 4
989 1461 990 1462 4
1000 1461 1001 1462 4
1229 1461 1230 1462 4
1305 1461 1306 1462 4
1306 1461 1312 1462 1
1312 1461 1316 1462 2
904 1462 906 1463 2
906 1462 912 1463 1
1306 1462 1313 1463 1
1313 1462 1316 1463 2
904 1463 907 1465 2
907 1463 912 1465 1
1306 1463 1312 1468 1
1312 1463 1316 1468 2
990 1461 1000 1472 1
1080 1472 1096 1474 8
906 1465 912 1475 1
990 1472 993 1476 1
993 1472 996 1476 2
906 1475 909 1476 1
909 1475 912 1476 5
904 1465 906 1477 2
996 1472 1000 1477 1
906 1476 910 1477 1
910 1476 912 1477 5
992 1476 996 1477 2
1186 1476 1206 1477 1
1230 1474 1242 1478 1
1252 1476 1264 1478 8
1186 1477 1206 1478 4
904 1477 907 1479 2
907 1477 912 1479 1
992 1477 997 1479 2
997 1477 1000 1479 1
1230 1478 1235 1479 1
1235 1478 1238 1479 2
1238 1478 1242 1479 1
1234 1479 1239 1481 2
1239 1479 1242 1481 1
990 1476 992 1482 1
904 1479 908 1482 2
908 1479 912 1482 1
992 1479 996 1482 2
1306 1468 1311 1485 1
1311 1468 1316 1485 2
904 1482 909 1485 2
909 1482 912 1485 1
990 1482 993 1485 1
993 1482 996 1485 2
1284 1484 1298 1485 1
996 1479 1000 1486 1
920 1484 934 1486 8
990 1485 994 1486 1
994 1485 996 1486 2
1284 1485 1298 1486 4
1234 1481 1240 1487 2
1240 1481 1242 1487 1
1306 1485 1310 1488 1
1310 1485 1316 1488 2
1039 1460 1046 1491 2
1306 1488 1309 1492 1
1309 1488 1316 1492 2
956 1492 974 1493 1
1234 1487 1239 1494 2
1239 1487 1242 1494 1
956 1493 971 1494 4
971 1493 974 1494 5
1230 1479 1234 1495 1
904 1485 910 1495 2
910 1485 912 1495 1
1234 1494 1238 1495 2
1044 1495 1050 1496 1
1085 1495 1092 1496 1
1147 1495 1148 1496 1
1185 1495 1192 1496 1
1228 1495 1233 1496 1
1233 1495 1238 1496 2
990 1486 1000 1497 1
1003 1496 1008 1497 1
1028 1496 1030 1497 1
1041 1496 1051 1497 1
1083 1496 1094 1497 1
1126 1496 1134 1497 1
1143 1496 1151 1497 1
1184 1496 1194 1497 1
1226 1496 1232 1497 1
1232 1496 1238 1497 2
904 1495 909 1498 2
909 1495 912 1498 1
990 1497 1010 1498 1
1024 1497 1034 1498 1
1039 1497 1041 1498 1
1041 1497 1046 1498 4
1046 1497 1047 1498 1
1047 1497 1050 1498 2
1050 1497 1053 1498 1
1067 1497 1069 1498 1
1082 1497 1085 1498 1
1085 1497 1090 1498 2
1090 1497 1096 1498 1
1104 1497 1110 1498 1
1124 1497 1153 1498 1
1167 1497 1173 1498 1
1182 1497 1196 1498 1
1208 1497 1210 1498 1
1224 1497 1227 1498 5
1227 1497 1231 1498 1
1231 1497 1238 1498 2
990 1498 1012 1499 1
1023 1498 1040 1499 1
1040 1498 1041 1499 4
1064 1498 1073 1499 1
1080 1498 1083 1499 1
1083 1498 1092 1499 2
1092 1498 1112 1499 1
1123 1498 1155 1499 1
1165 1498 1188 1499 1
1188 1498 1194 1499 2
1194 1498 1198 1499 1
1204 1498 1214 1499 1
1223 1498 1225 1499 1
1225 1498 1227 1499 5
1227 1498 1229 1499 1
1229 1498 1238 1499 2
1238 1494 1242 1500 1
1046 1498 1060 1500 9
990 1499 1014 1500 1
1021 1499 1040 1500 1
1061 1499 1064 1500 1
1064 1499 1067 1500 5
1067 1499 1082 1500 1
1082 1499 1094 1500 2
1104 1499 1114 1500 4
1121 1499 1156 1500 1
1163 1499 1185 1500 1
1185 1499 1196 1500 2
1196 1499 1217 1500 1
1221 1499 1227 1500 1
1227 1499 1238 1500 2
904 1498 908 1501 2
908 1498 912 1501 1
1094 1499 1104 1501 1
990 1500 1005 1501 1
1005 1500 1008 1501 2
1008 1500 1040 1501 1
1060 1500 1065 1501 1
1065 1500 1067 1501 5
1067 1500 1080 1501 1
1080 1500 1094 1501 2
1114 1500 1124 1501 1
1124 1500 1125 1501 2
1125 1500 1126 1501 1
1126 1500 1129 1501 2
1129 1500 1185 1501 1
1185 1500 1198 1501 2
1198 1500 1226 1501 1
1226 1500 1239 1501 2
1250 1500 1260 1501 1
1260 1500 1262 1501 5
1306 1492 1308 1502 1
1308 1492 1316 1502 2
907 1501 912 1502 1
996 1501 999 1502 2
999 1501 1003 1502 1
1003 1501 1012 1502 2
1060 1501 1079 1502 1
1079 1501 1096 1502 2
1114 1501 1123 1502 1
1123 1501 1131 1502 2
1131 1501 1184 1502 1
1184 1501 1201 1502 2
1201 1501 1204 1502 1
1204 1501 1205 1502 2
1205 1501 1224 1502 1
1224 1501 1239 1502 2
1250 1501 1261 1502 4
1261 1501 1262 1502 5
1012 1501 1040 1503 1
1096 1501 1104 1503 1
907 1502 908 1503 1
908 1502 911 1503 5
996 1502 1012 1503 2
1060 1502 1072 1503 1
1072 1502 1073 1503 2
1073 1502 1075 1503 1
1075 1502 1096 1503 2
1114 1502 1121 1503 1
1121 1502 1134 1503 2
1134 1502 1167 1503 1
1167 1502 1168 1503 2
1168 1502 1182 1503 1
1182 1502 1207 1503 2
1207 1502 1208 1503 1
1208 1502 1210 1503 2
1210 1502 1223 1503 1
1223 1502 1239 1503 2
990 1501 996 1504 1
911 1502 912 1504 1
1306 1502 1309 1504 1
1309 1502 1316 1504 2
907 1503 909 1504 1
909 1503 911 1504 5
996 1503 1014 1504 2
1014 1503 1028 1504 1
1028 1503 1030 1504 2
1030 1503 1040 1504 1
1060 1503 1067 1504 1
1067 1503 1099 1504 2
1114 1503 1117 1504 1
1117 1503 1134 1504 2
1134 1503 1143 1504 1
1143 1503 1145 1504 2
1145 1503 1157 1504 1
1157 1503 1158 1504 2
1158 1503 1163 1504 1
1163 1503 1164 1504 2
1164 1503 1165 1504 1
1165 1503 1171 1504 2
1171 1503 1182 1504 1
1182 1503 1212 1504 2
1212 1503 1213 1504 1
1213 1503 1214 1504 2
1214 1503 1221 1504 1
1221 1503 1239 1504 2
995 1504 1016 1505 2
1016 1504 1024 1505 1
1024 1504 1034 1505 2
1034 1504 1040 1505 1
1156 1504 1173 1505 2
1173 1504 1179 1505 1
1179 1504 1217 1505 2
1217 1504 1218 1505 1
1218 1504 1239 1505 2
1239 1500 1242 1506 1
904 1501 907 1506 2
1099 1503 1104 1506 1
907 1504 912 1506 1
1060 1504 1066 1506 1
1066 1504 1099 1506 2
1116 1504 1145 1506 2
1145 1504 1156 1506 1
1306 1504 1310 1506 1
1310 1504 1316 1506 2
995 1505 1019 1506 2
1019 1505 1021 1506 1
1021 1505 1022 1506 2
1022 1505 1023 1506 1
1023 1505 1034 1506 2
1034 1505 1037 1506 1
1037 1505 1040 1506 5
1156 1505 1214 1506 2
1214 1505 1215 1506 1
1215 1505 1239 1506 2
990 1504 995 1507 1
995 1506 1034 1507 2
1034 1506 1038 1507 1
1038 1506 1040 1507 5
1116 1506 1144 1507 2
1144 1506 1157 1507 1
1157 1506 1211 1507 2
1211 1506 1218 1507 1
1218 1506 1238 1507 2
1306 1506 1311 1508 1
1311 1506 1316 1508 2
942 1507 950 1508 1
985 1507 994 1508 1
994 1507 1035 1508 2
1156 1507 1210 1508 2
1210 1507 1219 1508 1
1219 1507 1238 1508 2
1035 1507 1040 1509 1
941 1508 951 1509 1
983 1508 993 1509 1
993 1508 1035 1509 2
904 1506 906 1510 2
906 1506 912 1510 1
1060 1506 1067 1510 1
1067 1506 1098 1510 2
1116 1507 1145 1510 2
1145 1507 1156 1510 1
1156 1508 1209 1510 2
925 1509 929 1510 1
939 1509 953 1510 1
964 1509 967 1510 1
982 1509 992 1510 1
992 1509 1036 1510 2
1238 1506 1242 1511 1
1209 1508 1220 1511 1
1220 1508 1238 1511 2
1306 1508 1312 1511 1
1312 1508 1316 1511 2
1036 1509 1040 1511 1
904 1510 907 1511 2
907 1510 913 1511 1
922 1510 933 1511 1
936 1510 955 1511 1
960 1510 970 1511 1
980 1510 991 1511 1
991 1510 1036 1511 2
1116 1510 1146 1511 2
1146 1510 1155 1511 1
1155 1510 1209 1511 2
1098 1506 1104 1512 1
1066 1510 1098 1512 2
904 1511 908 1512 2
908 1511 914 1512 1
920 1511 973 1512 1
978 1511 990 1512 1
990 1511 1037 1512 2
1116 1511 1147 1512 2
1147 1511 1154 1512 1
1154 1511 1208 1512 2
1208 1511 1221 1512 1
1221 1511 1237 1512 2
1037 1511 1040 1513 1
904 1512 909 1513 2
909 1512 926 1513 1
926 1512 929 1513 2
929 1512 989 1513 1
989 1512 1037 1513 2
1116 1512 1150 1513 2
1150 1512 1151 1513 1
1151 1512 1209 1513 2
1114 1504 1116 1514 1
1237 1511 1242 1514 1
1220 1512 1237 1514 2
904 1513 910 1514 2
910 1513 924 1514 1
924 1513 932 1514 2
932 1513 963 1514 1
963 1513 964 1514 2
1038 1513 1040 1514 1
1116 1513 1209 1514 2
1060 1510 1066 1515 1
1066 1512 1097 1515 2
1209 1512 1220 1515 1
964 1513 985 1515 1
985 1513 1038 1515 2
904 1514 911 1515 2
911 1514 922 1515 1
922 1514 933 1515 2
933 1514 942 1515 1
942 1514 950 1515 2
950 1514 960 1515 1
960 1514 964 1515 2
1038 1514 1040 1515 5
1117 1514 1209 1515 2
1220 1514 1236 1515 2
904 1515 912 1516 2
912 1515 920 1516 1
920 1515 938 1516 2
938 1515 939 1516 1
939 1515 951 1516 2
951 1515 952 1516 1
952 1515 953 1516 2
953 1515 959 1516 1
959 1515 965 1516 2
965 1515 983 1516 1
983 1515 1039 1516 2
1039 1515 1040 1516 5
1040 1515 1041 1516 1
1059 1515 1065 1516 1
1065 1515 1097 1516 2
1117 1515 1210 1516 2
1210 1515 1219 1516 1
1219 1515 1236 1516 2
1306 1511 1313 1517 1
1313 1511 1316 1517 2
1114 1514 1117 1517 1
904 1516 914 1517 2
914 1516 916 1517 1
916 1516 966 1517 2
966 1516 982 1517 1
982 1516 1040 1517 2
1040 1516 1064 1517 1
1064 1516 1097 1517 2
1117 1516 1211 1517 2
1211 1516 1218 1517 1
1218 1516 1236 1517 2
1236 1514 1242 1518 1
904 1517 969 1518 2
969 1517 970 1518 1
970 1517 973 1518 2
973 1517 980 1518 1
980 1517 1006 1518 2
1006 1517 1007 1518 1
1007 1517 1041 1518 2
1041 1517 1062 1518 1
1062 1517 1097 1518 2
1114 1517 1118 1518 1
1118 1517 1214 1518 2
1214 1517 1215 1518 1
1215 1517 1236 1518 2
904 1518 975 1519 2
975 1518 978 1519 1
978 1518 1003 1519 2
1003 1518 1010 1519 1
1010 1518 1019 1519 2
1019 1518 1020 1519 1
1020 1518 1043 1519 2
1043 1518 1061 1519 1
1061 1518 1097 1519 2
1097 1512 1104 1520 1
1114 1518 1119 1520 1
1119 1518 1235 1520 2
904 1519 1002 1520 2
1002 1519 1011 1520 1
1011 1519 1016 1520 2
1016 1519 1023 1520 1
1023 1519 1045 1520 2
1045 1519 1060 1520 1
1060 1519 1097 1520 2
904 1520 1001 1521 2
1001 1520 1012 1521 1
1012 1520 1015 1521 2
1024 1520 1048 1521 2
1048 1520 1059 1521 1
1059 1520 1098 1521 2
1114 1520 1115 1521 1
1115 1520 1118 1521 5
1098 1520 1104 1522 1
1118 1520 1120 1522 1
1120 1520 1235 1522 2
1024 1521 1052 1522 2
1052 1521 1054 1522 1
1054 1521 1098 1522 2
1114 1521 1116 1522 1
1116 1521 1118 1522 5
1306 1517 1312 1523 1
1312 1517 1316 1523 2
1015 1520 1024 1523 1
1013 1521 1015 1523 2
1024 1522 1099 1523 2
904 1521 1000 1524 2
1000 1521 1013 1524 1
1099 1522 1104 1524 1
1114 1522 1116 1524 5
1116 1522 1121 1524 1
1013 1523 1014 1524 2
1014 1523 1025 1524 1
1025 1523 1099 1524 2
1306 1523 1311 1524 1
1311 1523 1316 1524 2
904 1524 999 1525 2
999 1524 1014 1525 1
1014 1524 1015 1525 2
1024 1524 1100 1525 2
1100 1524 1104 1525 1
1306 1524 1312 1525 1
1312 1524 1316 1525 2
1015 1524 1024 1527 1
1013 1525 1015 1527 2
1024 1525 1101 1527 2
1101 1525 1104 1527 1
1235 1518 1242 1528 1
1121 1522 1235 1528 2
904 1525 1000 1528 2
1000 1525 1013 1528 1
1306 1525 1313 1528 1
1313 1525 1316 1528 2
1013 1527 1016 1528 2
1016 1527 1023 1528 1
1023 1527 1102 1528 2
904 1528 1001 1529 2
1001 1528 1012 1529 1
1012 1528 1019 1529 2
1019 1528 1020 1529 1
1020 1528 1102 1529 2
1306 1528 1314 1529 1
1314 1528 1316 1529 2
1114 1524 1121 1530 1
1121 1528 1236 1530 2
1236 1528 1242 1530 1
904 1529 1002 1530 2
1002 1529 1011 1530 1
1011 1529 1102 1530 2
904 1530 1003 1531 2
1003 1530 1010 1531 1
1010 1530 1102 1531 2
1120 1530 1204 1531 2
1204 1530 1205 1531 1
1205 1530 1237 1531 2
1306 1529 1313 1532 1
1313 1529 1316 1532 2
1237 1530 1242 1532 1
904 1531 1006 1532 2
1006 1531 1007 1532 1
1007 1531 1102 1532 2
1120 1531 1203 1532 2
1203 1531 1208 1532 1
1208 1531 1219 1532 2
1219 1531 1221 1532 1
1221 1531 1237 1532 2
1120 1532 1201 1533 2
1201 1532 1204 1533 1
1221 1532 1223 1533 1
1223 1532 1239 1533 2
1239 1532 1256 1533 1
1114 1530 1120 1534 1
904 1532 1102 1534 2
1204 1532 1221 1534 6
1306 1532 1312 1534 1
1312 1532 1316 1534 2
1120 1533 1141 1534 2
1141 1533 1142 1534 1
1142 1533 1151 1534 2
1151 1533 1162 1534 1
1162 1533 1200 1534 2
1200 1533 1204 1534 1
1221 1533 1225 1534 1
1225 1533 1241 1534 2
1241 1533 1256 1535 1
904 1534 1052 1535 2
1052 1534 1054 1535 1
1054 1534 1075 1535 2
1075 1534 1086 1535 1
1086 1534 1102 1535 2
1114 1534 1121 1535 1
1121 1534 1138 1535 2
1138 1534 1145 1535 1
1145 1534 1150 1535 2
1150 1534 1162 1535 1
1162 1534 1163 1535 2
1163 1534 1165 1535 1
1165 1534 1188 1535 2
1188 1534 1196 1535 1
1196 1534 1198 1535 2
1198 1534 1204 1535 1
1221 1534 1226 1535 1
1226 1534 1228 1535 2
1228 1534 1230 1535 1
1230 1534 1241 1535 2
1305 1534 1311 1535 1
1311 1534 1316 1535 2
904 1535 1051 1536 2
1051 1535 1056 1536 1
1056 1535 1070 1536 2
1070 1535 1089 1536 1
1089 1535 1102 1536 2
1114 1535 1125 1536 1
1125 1535 1137 1536 2
1137 1535 1167 1536 1
1167 1535 1183 1536 2
1183 1535 1196 1536 1
1196 1535 1197 1536 2
1197 1535 1204 1536 1
1221 1535 1235 1536 1
1235 1535 1240 1536 2
1240 1535 1242 1536 1
1242 1535 1256 1536 4
1304 1535 1310 1536 1
1310 1535 1316 1536 2
904 1536 1049 1537 2
1049 1536 1061 1537 1
1061 1536 1064 1537 2
1064 1536 1092 1537 1
1092 1536 1102 1537 2
1114 1536 1127 1537 1
1127 1536 1136 1537 2
1136 1536 1170 1537 1
1170 1536 1179 1537 2
1179 1536 1204 1537 1
1221 1536 1238 1537 1
1238 1536 1239 1537 2
1239 1536 1242 1537 1
1278 1536 1309 1537 1
1309 1536 1316 1537 2
1102 1527 1104 1538 1
1048 1537 1095 1538 1
1095 1537 1102 1538 2
1114 1537 1129 1538 1
1129 1537 1135 1538 2
1135 1537 1170 1538 1
1170 1537 1174 1538 2
1174 1537 1204 1538 1
1278 1537 1308 1538 1
1308 1537 1316 1538 2
904 1537 1048 1539 2
1221 1537 1242 1539 1
1048 1538 1104 1539 1
1114 1538 1204 1539 1
1280 1538 1283 1539 2
1283 1538 1307 1539 1
1307 1538 1316 1539 2
1256 1536 1266 1540 1
904 1539 1047 1540 2
1047 1539 1052 1540 1
1052 1539 1055 1540 4
1055 1539 1058 1540 5
1058 1539 1104 1540 4
1114 1539 1117 1540 4
1117 1539 1120 1540 5
1120 1539 1148 1540 4
1148 1539 1150 1540 1
1150 1539 1162 1540 4
1162 1539 1163 1540 1
1163 1539 1170 1540 4
1170 1539 1198 1540 1
1198 1539 1199 1540 4
1199 1539 1200 1540 1
1200 1539 1204 1540 4
1221 1539 1242 1540 4
1280 1539 1288 1540 2
1288 1539 1306 1540 1
1306 1539 1316 1540 2
904 1540 1046 1541 2
1046 1540 1050 1541 1
1050 1540 1052 1541 5
1148 1540 1150 1541 5
1162 1540 1163 1541 4
1170 1540 1198 1541 9
1199 1540 1200 1541 4
1242 1540 1266 1541 1
1280 1540 1291 1541 2
1291 1540 1305 1541 1
1305 1540 1316 1541 2
904 1541 1045 1542 2
1045 1541 1050 1542 1
1050 1541 1051 1542 4
1149 1541 1150 1542 5
1242 1541 1259 1542 1
1259 1541 1261 1542 2
1261 1541 1266 1542 1
1280 1541 1294 1542 2
1294 1541 1304 1542 1
1304 1541 1316 1542 2
904 1542 917 1543 2
917 1542 918 1543 1
918 1542 1044 1543 2
1044 1542 1050 1543 1
1242 1542 1244 1543 1
1244 1542 1246 1543 2
1246 1542 1258 1543 1
1258 1542 1260 1544 2
920 1543 959 1544 2
959 1543 960 1544 1
960 1543 1045 1544 2
1245 1543 1249 1544 2
1249 1543 1258 1544 1
1280 1542 1316 1545 2
904 1543 915 1545 2
915 1543 920 1545 1
1045 1543 1050 1545 1
920 1544 930 1545 2
930 1544 933 1545 1
933 1544 956 1545 2
956 1544 961 1545 1
961 1544 972 1545 2
972 1544 973 1545 1
973 1544 996 1545 2
996 1544 1006 1545 1
1006 1544 1037 1545 2
1037 1544 1041 1545 1
1041 1544 1045 1545 2
1245 1544 1251 1545 2
1251 1544 1257 1545 1
1257 1544 1260 1545 2
1242 1543 1245 1546 1
904 1545 914 1546 2
914 1545 921 1546 1
921 1545 929 1546 2
929 1545 935 1546 1
935 1545 953 1546 2
953 1545 962 1546 1
962 1545 971 1546 2
971 1545 976 1546 1
976 1545 990 1546 2
990 1545 1009 1546 1
1009 1545 1032 1546 2
1032 1545 1044 1546 1
1044 1545 1046 1546 2
1046 1545 1050 1546 1
1245 1545 1253 1546 2
1253 1545 1256 1546 1
1256 1545 1260 1546 2
1280 1545 1290 1546 2
1290 1545 1292 1546 1
1292 1545 1316 1546 2
1260 1542 1266 1547 1
920 1546 928 1547 2
928 1546 937 1547 1
937 1546 950 1547 2
950 1546 963 1547 1
963 1546 970 1547 2
970 1546 980 1547 1
980 1546 983 1547 2
983 1546 1012 1547 1
1012 1546 1027 1547 2
1027 1546 1050 1547 1
1246 1546 1260 1547 2
1280 1546 1288 1547 2
1288 1546 1293 1547 1
1293 1546 1316 1547 2
904 1546 915 1548 2
915 1546 920 1548 1
1242 1546 1246 1548 1
920 1547 924 1548 2
924 1547 940 1548 1
940 1547 946 1548 2
946 1547 964 1548 1
964 1547 969 1548 2
969 1547 1012 1548 1
1012 1547 1022 1548 2
1022 1547 1050 1548 1
1246 1547 1259 1548 2
1280 1547 1287 1548 2
1287 1547 1294 1548 1
1294 1547 1316 1548 2
1278 1538 1280 1549 1
904 1548 917 1549 2
917 1548 918 1549 1
918 1548 919 1549 2
919 1548 967 1549 1
967 1548 968 1549 2
968 1548 1013 1549 1
1013 1548 1020 1549 2
1020 1548 1050 1549 1
1280 1548 1286 1549 2
1286 1548 1295 1549 1
1295 1548 1316 1549 2
1242 1548 1247 1550 1
1247 1548 1259 1550 2
904 1549 914 1550 2
914 1549 930 1550 1
930 1549 960 1550 4
972 1549 994 1550 4
994 1549 996 1550 1
996 1549 1012 1550 4
1012 1549 1014 1550 1
1014 1549 1019 1550 2
1019 1549 1021 1550 1
1021 1549 1043 1550 4
1043 1549 1046 1550 5
1046 1549 1050 1550 4
1278 1549 1281 1550 5
1281 1549 1285 1550 2
1285 1549 1288 1550 1
1288 1549 1292 1550 4
1292 1549 1296 1550 1
1296 1549 1316 1550 2
904 1550 909 1551 2
909 1550 930 1551 1
994 1550 995 1551 4
995 1550 996 1551 1
1278 1550 1279 1551 1
1279 1550 1281 1551 5
1281 1550 1284 1551 2
1284 1550 1288 1552 1
904 1551 907 1552 2
907 1551 930 1552 1
995 1551 996 1552 4
1278 1551 1282 1552 1
1282 1551 1284 1552 2
904 1552 906 1553 2
906 1552 908 1553 1
908 1552 930 1553 4
1150 1552 1160 1553 1
1160 1552 1162 1553 5
960 1549 972 1554 1
1242 1550 1248 1554 1
1248 1550 1259 1554 2
1292 1550 1297 1554 1
1297 1550 1316 1554 2
1278 1552 1288 1554 1
1128 1553 1161 1554 1
1161 1553 1162 1554 5
1259 1547 1266 1555 1
960 1554 972 1555 4
1128 1554 1150 1555 4
1157 1554 1160 1555 5
1249 1554 1259 1555 2
1196 1541 1198 1556 9
904 1553 905 1556 2
905 1553 908 1556 1
1150 1554 1157 1556 1
1160 1554 1162 1556 1
1242 1554 1249 1556 1
1278 1554 1296 1556 1
1296 1554 1316 1556 2
1065 1555 1086 1556 1
1157 1555 1159 1556 2
1159 1555 1160 1556 5
1249 1555 1260 1556 2
1260 1555 1266 1557 1
1065 1556 1086 1557 4
1200 1556 1218 1557 1
1218 1556 1221 1557 5
1221 1556 1247 1557 1
1247 1556 1260 1557 2
1278 1556 1295 1557 1
1295 1556 1316 1557 2
1200 1557 1219 1558 1
1219 1557 1221 1558 5
1221 1557 1245 1558 1
1245 1557 1261 1558 2
1261 1557 1262 1558 1
1262 1557 1265 1558 5
1278 1557 1294 1558 1
1154 1556 1159 1559 2
1159 1556 1162 1559 1
1265 1557 1266 1559 1
1294 1557 1316 1559 2
1200 1558 1217 1559 1
1217 1558 1220 1559 5
1220 1558 1227 1559 1
1227 1558 1237 1559 2
1237 1558 1244 1559 1
1244 1558 1261 1559 2
1261 1558 1263 1559 1
1263 1558 1265 1559 5
1285 1558 1286 1559 2
1286 1558 1294 1559 1
1168 1541 1170 1560 9
1012 1550 1021 1560 1
1154 1559 1158 1560 2
1158 1559 1162 1560 1
1200 1559 1218 1560 1
1218 1559 1220 1560 5
1220 1559 1223 1560 1
1223 1559 1240 1560 2
1240 1559 1242 1560 1
1242 1559 1262 1560 2
1285 1559 1287 1560 2
1287 1559 1293 1560 1
1293 1559 1316 1560 2
1150 1556 1154 1561 1
1262 1559 1266 1561 1
996 1560 1004 1561 1
1004 1560 1007 1561 5
1007 1560 1014 1561 1
1014 1560 1017 1561 2
1017 1560 1050 1561 1
1154 1560 1159 1561 2
1200 1560 1204 1561 1
1204 1560 1205 1561 2
1205 1560 1219 1561 1
1219 1560 1262 1561 2
1285 1560 1288 1561 2
1288 1560 1292 1561 1
1292 1560 1316 1561 2
1159 1560 1162 1562 1
996 1561 1005 1562 1
1005 1561 1007 1562 5
1007 1561 1013 1562 1
1013 1561 1018 1562 2
1018 1561 1030 1562 1
1046 1561 1047 1562 1
1047 1561 1050 1562 5
1153 1561 1157 1562 2
1157 1561 1158 1562 1
1158 1561 1159 1562 2
1200 1561 1205 1562 1
1205 1561 1207 1562 2
1207 1561 1216 1562 1
1216 1561 1263 1562 2
1263 1561 1266 1563 1
996 1562 1003 1563 1
1003 1562 1011 1563 2
1011 1562 1012 1563 1
1012 1562 1019 1563 2
1019 1562 1030 1563 1
1046 1562 1048 1563 1
1048 1562 1050 1563 5
1155 1562 1162 1563 1
1206 1562 1263 1563 2
1150 1561 1153 1564 1
1153 1562 1155 1564 2
1200 1562 1206 1564 1
1155 1563 1159 1564 1
1159 1563 1162 1564 5
1206 1563 1264 1564 2
999 1563 1020 1565 2
1020 1563 1030 1565 1
1046 1563 1050 1565 1
1150 1564 1160 1565 1
1160 1564 1162 1565 5
1278 1558 1285 1566 1
1285 1561 1316 1566 2
999 1565 1021 1566 2
1021 1565 1030 1566 1
1207 1564 1264 1567 2
976 1565 992 1567 8
999 1566 1003 1567 2
1003 1566 1004 1567 1
1004 1566 1030 1567 2
1030 1561 1046 1568 11
1046 1565 1047 1568 2
1096 1566 1122 1568 8
999 1567 1001 1568 2
1001 1567 1006 1568 1
1006 1567 1030 1568 2
1207 1567 1218 1568 2
1218 1567 1219 1568 1
1219 1567 1264 1568 2
1200 1564 1207 1569 1
1207 1568 1208 1569 2
1208 1568 1209 1569 1
1209 1568 1215 1569 2
1215 1568 1222 1569 1
1222 1568 1264 1569 2
996 1563 999 1570 1
1150 1565 1162 1570 1
1278 1566 1284 1570 1
1284 1566 1316 1570 2
999 1568 1000 1570 2
1000 1568 1007 1570 1
1007 1568 1047 1570 2
1200 1569 1211 1570 1
1211 1569 1214 1570 2
1214 1569 1223 1570 1
1223 1569 1264 1570 2
996 1570 1008 1571 1
1008 1570 1047 1571 2
1150 1570 1159 1571 1
1159 1570 1162 1571 5
1200 1570 1212 1571 1
1212 1570 1213 1571 2
1213 1570 1224 1571 1
1224 1570 1264 1571 2
1150 1571 1160 1572 1
1160 1571 1162 1572 5
1162 1571 1163 1572 1
1199 1571 1225 1572 1
1264 1563 1266 1573 1
999 1571 1000 1573 2
1000 1571 1007 1573 1
1007 1571 1047 1573 2
1225 1571 1264 1573 2
1150 1572 1225 1573 1
999 1573 1001 1574 2
1001 1573 1006 1574 1
1006 1573 1047 1574 2
1161 1573 1191 1574 1
1191 1573 1194 1574 5
1194 1573 1204 1574 1
1204 1573 1205 1574 2
1205 1573 1225 1574 1
1225 1573 1263 1574 2
1047 1565 1050 1575 1
1150 1573 1160 1575 1
1160 1573 1161 1575 2
999 1574 1003 1575 2
1003 1574 1004 1575 1
1004 1574 1047 1575 2
1161 1574 1180 1575 1
1180 1574 1189 1575 2
1189 1574 1192 1575 1
1192 1574 1194 1575 5
1194 1574 1203 1575 1
1203 1574 1205 1575 2
1205 1574 1226 1575 1
1226 1574 1263 1575 2
1150 1575 1159 1576 1
1159 1575 1162 1576 2
1162 1575 1175 1576 1
1175 1575 1192 1576 2
1192 1575 1201 1576 1
1201 1575 1206 1576 2
1206 1575 1211 1576 1
1211 1575 1212 1576 2
1263 1573 1266 1577 1
1225 1575 1263 1577 2
1150 1576 1158 1577 1
1158 1576 1163 1577 2
1163 1576 1172 1577 1
1172 1576 1195 1577 2
1195 1576 1200 1577 1
1200 1576 1208 1577 2
1208 1576 1209 1577 1
1209 1576 1212 1577 2
996 1571 999 1578 1
999 1575 1046 1578 2
1212 1575 1225 1578 1
1150 1577 1157 1578 1
1157 1577 1163 1578 2
1163 1577 1168 1578 1
1168 1577 1198 1578 2
1198 1577 1199 1578 1
1199 1577 1212 1578 2
1225 1577 1262 1578 2
1046 1575 1050 1579 1
1000 1578 1046 1579 2
1150 1578 1154 1579 1
1154 1578 1213 1579 2
1213 1578 1224 1579 1
1224 1578 1262 1579 2
1000 1579 1010 1580 2
1010 1579 1011 1580 1
1011 1579 1045 1580 2
1155 1579 1214 1580 2
1214 1579 1223 1580 1
1223 1579 1233 1580 2
1233 1579 1243 1580 1
1243 1579 1262 1580 2
1278 1570 1283 1581 1
1283 1570 1316 1581 2
1262 1577 1266 1581 1
1150 1579 1155 1581 1
1000 1580 1007 1581 2
1007 1580 1014 1581 1
1014 1580 1045 1581 2
1155 1580 1199 1581 2
1199 1580 1200 1581 1
1200 1580 1215 1581 2
1215 1580 1222 1581 1
1222 1580 1230 1581 2
1230 1580 1246 1581 1
1246 1580 1262 1581 2
904 1556 908 1582 1
1045 1579 1050 1582 1
942 1581 950 1582 1
985 1581 990 1582 1
1000 1581 1006 1582 2
1006 1581 1015 1582 1
1015 1581 1045 1582 2
1085 1581 1092 1582 1
1147 1581 1148 1582 1
1150 1581 1156 1582 1
1156 1581 1158 1582 2
1158 1581 1165 1582 1
1165 1581 1193 1582 2
1193 1581 1200 1582 1
1200 1581 1218 1582 2
1218 1581 1219 1582 1
1219 1581 1227 1582 2
1227 1581 1248 1582 1
1248 1581 1261 1582 2
1261 1581 1266 1582 1
1278 1581 1284 1582 1
1284 1581 1302 1582 2
1302 1581 1305 1582 1
1305 1581 1316 1582 2
996 1578 1000 1583 1
904 1582 909 1583 1
941 1582 951 1583 1
983 1582 993 1583 1
1000 1582 1005 1583 2
1016 1582 1045 1583 2
1045 1582 1051 1583 1
1083 1582 1094 1583 1
1126 1582 1134 1583 1
1143 1582 1168 1583 1
1168 1582 1188 1583 2
1188 1582 1201 1583 1
1201 1582 1225 1583 2
1225 1582 1251 1583 1
1251 1582 1256 1583 2
1256 1582 1266 1583 1
1278 1582 1287 1583 1
1287 1582 1297 1583 2
1297 1582 1307 1583 1
1307 1582 1316 1583 2
904 1583 910 1584 1
925 1583 929 1584 1
939 1583 953 1584 1
964 1583 967 1584 1
982 1583 998 1584 1
998 1583 1005 1584 2
1046 1583 1053 1584 1
1067 1583 1069 1584 1
1082 1583 1096 1584 1
1104 1583 1110 1584 1
1124 1583 1171 1584 1
1171 1583 1183 1584 2
1183 1583 1202 1584 1
1202 1583 1222 1584 2
1222 1583 1266 1584 1
1278 1583 1281 1584 1
1281 1583 1284 1584 5
1284 1583 1308 1584 1
1308 1583 1316 1584 2
1005 1582 1016 1585 1
1016 1583 1046 1585 2
904 1584 912 1585 1
922 1584 933 1585 1
936 1584 948 1585 1
948 1584 950 1585 2
950 1584 955 1585 1
960 1584 970 1585 1
980 1584 987 1585 1
987 1584 990 1585 2
990 1584 997 1585 1
997 1584 1005 1585 2
1046 1584 1055 1585 1
1066 1584 1073 1585 1
1080 1584 1112 1585 1
1123 1584 1174 1585 1
1174 1584 1180 1585 2
1180 1584 1181 1585 1
1181 1584 1184 1585 5
1184 1584 1203 1585 1
1203 1584 1212 1585 2
1212 1584 1266 1585 1
1278 1584 1282 1585 1
1282 1584 1284 1585 5
1284 1584 1309 1585 1
1309 1584 1316 1585 2
904 1585 905 1586 2
905 1585 914 1586 1
920 1585 946 1586 1
946 1585 953 1586 2
953 1585 973 1586 1
978 1585 985 1586 1
985 1585 995 1586 2
995 1585 996 1586 1
996 1585 1004 1586 2
1004 1585 1017 1586 1
1017 1585 1046 1586 2
1046 1585 1057 1586 1
1066 1585 1068 1586 1
1068 1585 1069 1586 2
1069 1585 1088 1586 1
1088 1585 1091 1586 5
1091 1585 1104 1586 1
1104 1585 1109 1586 2
1109 1585 1114 1586 1
1121 1585 1181 1586 1
1181 1585 1182 1586 4
1182 1585 1184 1586 5
1184 1585 1200 1586 4
1200 1585 1204 1586 1
1204 1585 1211 1586 2
1211 1585 1212 1586 1
1212 1585 1266 1586 4
1278 1585 1305 1586 4
1305 1585 1310 1586 1
1310 1585 1316 1586 2
904 1586 907 1587 2
907 1586 943 1587 1
943 1586 955 1587 2
955 1586 960 1587 1
960 1586 962 1587 2
962 1586 964 1587 1
964 1586 965 1587 2
965 1586 983 1587 1
983 1586 1005 1587 2
1016 1586 1045 1587 2
1045 1586 1058 1587 1
1066 1586 1089 1587 1
1089 1586 1091 1587 5
1091 1586 1180 1587 1
1180 1586 1181 1587 4
1305 1586 1306 1587 4
1306 1586 1311 1587 1
1311 1586 1316 1587 2
904 1587 908 1588 2
908 1587 942 1588 1
942 1587 967 1588 2
967 1587 982 1588 1
982 1587 1005 1588 2
1016 1587 1036 1588 2
1036 1587 1037 1588 1
1037 1587 1044 1588 2
1044 1587 1050 1588 1
1050 1587 1058 1588 4
1066 1587 1180 1588 4
1005 1586 1016 1589 1
904 1588 910 1589 2
910 1588 911 1589 1
911 1588 912 1589 2
912 1588 922 1589 1
922 1588 924 1589 2
924 1588 925 1589 1
925 1588 927 1589 2
927 1588 941 1589 1
941 1588 967 1589 2
967 1588 980 1589 1
980 1588 1005 1589 2
1016 1588 1034 1589 2
1200 1586 1212 1590 9
1034 1588 1039 1590 1
1039 1588 1043 1590 2
904 1589 914 1590 2
914 1589 916 1590 1
916 1589 918 1590 2
918 1589 920 1590 1
920 1589 929 1590 2
929 1589 940 1590 1
940 1589 969 1590 2
969 1589 979 1590 1
979 1589 1006 1590 2
1006 1589 1015 1590 1
1015 1589 1034 1590 2
904 1590 929 1591 2
929 1590 939 1591 1
939 1590 970 1591 2
970 1590 978 1591 1
978 1590 1007 1591 2
1007 1590 1014 1591 1
1014 1590 1033 1591 2
1033 1590 1040 1591 1
1040 1590 1043 1591 2
904 1591 933 1592 2
933 1591 936 1592 1
936 1591 973 1592 2
973 1591 975 1592 1
975 1591 1010 1592 2
1010 1591 1011 1592 1
1011 1591 1034 1592 2
1034 1591 1039 1592 1
1039 1591 1043 1592 2
1306 1587 1312 1593 1
1312 1587 1316 1593 2
904 1592 991 1593 2
991 1592 992 1593 1
992 1592 1034 1593 2
1034 1592 1040 1593 1
1040 1592 1043 1593 2
904 1593 988 1594 2
988 1593 995 1594 1
995 1593 1007 1594 2
1007 1593 1008 1594 1
1008 1593 1034 1594 2
1043 1588 1050 1595 1
1034 1593 1041 1595 1
1041 1593 1043 1595 2
904 1594 987 1595 2
987 1594 996 1595 1
996 1594 1005 1595 2
1005 1594 1010 1595 1
1010 1594 1034 1595 2
904 1595 986 1596 2
986 1595 997 1596 1
997 1595 1004 1596 2
1011 1595 1033 1596 2
1033 1595 1042 1596 1
1042 1595 1044 1596 2
1306 1593 1311 1597 1
1311 1593 1316 1597 2
1004 1595 1011 1597 1
1044 1595 1050 1597 1
998 1596 1004 1597 2
1011 1596 1034 1597 2
1041 1596 1044 1597 2
1034 1596 1041 1598 1
998 1597 1003 1598 2
1003 1597 1012 1598 1
1012 1597 1034 1598 2
1041 1597 1045 1598 2
1045 1597 1066 1598 1
1066 1597 1069 1598 5
1069 1597 1180 1598 1
904 1596 985 1599 2
985 1596 998 1599 1
998 1598 1004 1599 2
1011 1598 1035 1599 2
1035 1598 1040 1599 1
1040 1598 1047 1599 2
1047 1598 1067 1599 1
1067 1598 1069 1599 5
1069 1598 1170 1599 1
1170 1598 1173 1599 5
1173 1598 1180 1599 1
1306 1597 1310 1600 1
1310 1597 1316 1600 2
1004 1598 1011 1600 1
904 1599 984 1600 2
984 1599 999 1600 1
999 1599 1004 1600 2
1011 1599 1037 1600 2
1037 1599 1038 1600 1
1038 1599 1049 1600 2
1049 1599 1055 1600 1
1055 1599 1060 1600 2
1060 1599 1125 1600 1
1125 1599 1128 1600 5
1128 1599 1129 1600 1
1129 1599 1137 1600 2
1137 1599 1163 1600 1
1163 1599 1174 1600 2
1174 1599 1180 1600 1
998 1600 1005 1601 2
1005 1600 1010 1601 1
1010 1600 1064 1601 2
1064 1600 1094 1601 1
1094 1600 1095 1601 2
1095 1600 1126 1601 1
1126 1600 1139 1601 2
1139 1600 1159 1601 1
1159 1600 1177 1601 2
1177 1600 1180 1602 1
998 1601 1007 1602 2
1007 1601 1008 1602 1
1008 1601 1067 1602 2
1067 1601 1087 1602 1
1087 1601 1100 1602 2
1100 1601 1123 1602 1
1123 1601 1141 1602 2
1141 1601 1156 1602 1
1156 1601 1177 1602 2
904 1600 985 1603 2
985 1600 998 1603 1
1306 1600 1309 1603 1
1309 1600 1316 1603 2
998 1602 1070 1603 2
1070 1602 1082 1603 1
1082 1602 1103 1603 2
1103 1602 1120 1603 1
1120 1602 1143 1603 2
1143 1602 1152 1603 1
1152 1602 1176 1603 2
1176 1602 1180 1604 1
904 1603 986 1604 2
986 1603 997 1604 1
997 1603 1105 1604 2
1105 1603 1117 1604 1
1117 1603 1176 1604 2
1306 1603 1308 1604 1
1308 1603 1316 1605 2
904 1604 987 1605 2
987 1604 996 1605 1
996 1604 1177 1605 2
1177 1604 1181 1605 1
1305 1604 1308 1605 1
900 1404 904 1606 3
1316 1404 1320 1606 3
904 1605 988 1606 2
988 1605 995 1606 1
995 1605 1177 1606 2
1177 1605 1307 1606 1
1307 1605 1316 1606 2
900 1606 1320 1610 3
