# First level, painted by the editor the first time the project is opened
# (then this file is deleted). One rectangle per line, VOXEL units (1 = 1 voxel) :
#     x_min y_min x_max y_max voxel_type      (type : position in assets/voxels.json)
900 1600 1100 1603 7
900 1603 903 1737 7
903 1603 1017 1605 1
1017 1603 1025 1605 6
1025 1603 1097 1605 1
1097 1603 1100 1666 7
903 1605 1018 1607 1
1018 1605 1026 1607 6
1026 1605 1097 1606 1
1026 1606 1072 1607 1
1072 1606 1076 1607 7
1076 1606 1097 1607 1
903 1607 1019 1610 1
1019 1607 1027 1610 6
1027 1607 1071 1609 1
1071 1607 1077 1610 7
1077 1607 1097 1611 1
1027 1609 1042 1610 1
1042 1609 1044 1610 7
1044 1609 1050 1610 1
1050 1609 1052 1610 7
1052 1609 1071 1610 1
903 1610 1020 1613 1
1020 1610 1028 1613 6
1028 1610 1041 1612 1
1041 1610 1045 1612 7
1045 1610 1049 1612 1
1049 1610 1053 1612 7
1053 1610 1070 1611 1
1070 1610 1077 1611 7
1053 1611 1069 1612 1
1069 1611 1076 1612 7
1076 1611 1097 1612 1
1028 1612 1034 1613 1
1034 1612 1038 1613 7
1038 1612 1042 1613 1
1042 1612 1044 1613 7
1044 1612 1050 1613 1
1050 1612 1052 1613 7
1052 1612 1059 1613 1
1059 1612 1063 1613 7
1063 1612 1069 1613 1
1069 1612 1073 1613 7
1073 1612 1097 1613 1
903 1613 1021 1620 1
1021 1613 1029 1627 6
1029 1613 1033 1615 1
1033 1613 1039 1615 7
1039 1613 1058 1615 1
1058 1613 1064 1617 7
1064 1613 1070 1614 1
1070 1613 1072 1614 7
1072 1613 1097 1614 1
1064 1614 1084 1616 1
1084 1614 1086 1616 7
1086 1614 1097 1616 1
1029 1615 1034 1616 1
1034 1615 1038 1616 7
1038 1615 1058 1616 1
1029 1616 1058 1617 1
1064 1616 1089 1617 1
1089 1616 1093 1617 7
1093 1616 1097 1617 1
1029 1617 1059 1618 1
1059 1617 1063 1618 7
1063 1617 1088 1618 1
1088 1617 1094 1623 7
1094 1617 1097 1623 1
1029 1618 1088 1620 1
903 1620 956 1640 1
956 1620 964 1666 2
964 1620 1021 1627 1
1029 1620 1044 1621 1
1044 1620 1046 1621 7
1046 1620 1061 1621 1
1061 1620 1063 1621 7
1063 1620 1088 1621 1
1029 1621 1043 1622 1
1043 1621 1047 1622 7
1047 1621 1060 1622 1
1060 1621 1064 1623 7
1064 1621 1088 1623 1
1029 1622 1039 1623 1
1039 1622 1048 1623 7
1048 1622 1057 1623 1
1057 1622 1059 1623 7
1059 1622 1060 1623 1
1029 1623 1038 1624 1
1038 1623 1048 1624 7
1048 1623 1056 1624 1
1056 1623 1060 1624 7
1060 1623 1061 1624 1
1061 1623 1063 1624 7
1063 1623 1089 1624 1
1089 1623 1093 1624 7
1093 1623 1097 1624 1
1029 1624 1037 1626 1
1037 1624 1047 1625 7
1047 1624 1055 1625 1
1055 1624 1061 1626 7
1061 1624 1097 1626 1
1037 1625 1046 1626 7
1046 1625 1049 1626 1
1049 1625 1051 1626 7
1051 1625 1055 1626 1
1029 1626 1038 1627 1
1038 1626 1042 1627 7
1042 1626 1048 1627 1
1048 1626 1052 1627 7
1052 1626 1056 1627 1
1056 1626 1060 1627 7
1060 1626 1097 1627 1
964 1627 1020 1631 1
1020 1627 1028 1631 6
1028 1627 1039 1628 1
1039 1627 1041 1628 7
1041 1627 1044 1628 1
1044 1627 1046 1628 7
1046 1627 1047 1628 1
1047 1627 1053 1628 7
1053 1627 1057 1628 1
1057 1627 1059 1628 7
1059 1627 1097 1628 1
1028 1628 1041 1629 1
1041 1628 1053 1629 7
1053 1628 1085 1629 1
1085 1628 1087 1629 7
1087 1628 1097 1629 1
1028 1629 1040 1631 1
1040 1629 1047 1630 7
1047 1629 1048 1630 1
1048 1629 1052 1630 7
1052 1629 1059 1630 1
1059 1629 1061 1630 7
1061 1629 1084 1630 1
1084 1629 1088 1631 7
1088 1629 1097 1631 1
1040 1630 1046 1633 7
1046 1630 1049 1631 1
1049 1630 1051 1631 7
1051 1630 1058 1631 1
1058 1630 1062 1631 7
1062 1630 1070 1631 1
1070 1630 1074 1631 7
1074 1630 1084 1631 1
964 1631 1019 1633 1
1019 1631 1027 1633 6
1027 1631 1040 1633 1
1046 1631 1057 1633 1
1057 1631 1063 1632 7
1063 1631 1069 1632 1
1069 1631 1075 1635 7
1075 1631 1085 1632 1
1085 1631 1087 1632 7
1087 1631 1091 1632 1
1091 1631 1095 1636 7
1095 1631 1097 1636 1
1057 1632 1065 1633 7
1065 1632 1069 1635 1
1075 1632 1091 1635 1
964 1633 1018 1636 1
1018 1633 1026 1636 6
1026 1633 1041 1634 1
1041 1633 1045 1634 7
1045 1633 1058 1634 1
1058 1633 1065 1634 7
1026 1634 1059 1635 1
1059 1634 1065 1635 7
1026 1635 1061 1636 1
1061 1635 1065 1636 7
1065 1635 1070 1636 1
1070 1635 1074 1636 7
1074 1635 1091 1636 1
964 1636 1017 1638 1
1017 1636 1025 1638 6
1025 1636 1097 1638 1
964 1638 1016 1642 1
1016 1638 1024 1642 6
1024 1638 1097 1639 1
1024 1639 1080 1640 1
1080 1639 1084 1640 7
1084 1639 1097 1640 1
903 1640 930 1654 1
930 1640 937 1641 5
937 1640 941 1641 11
941 1640 948 1641 5
948 1640 956 1654 1
1024 1640 1061 1642 1
1061 1640 1065 1644 7
1065 1640 1079 1641 1
1079 1640 1085 1644 7
1085 1640 1097 1644 1
930 1641 931 1653 5
931 1641 947 1653 11
947 1641 948 1653 5
1065 1641 1069 1642 1
1069 1641 1071 1642 7
1071 1641 1079 1642 1
964 1642 1015 1644 1
1015 1642 1023 1644 6
1023 1642 1056 1643 1
1056 1642 1058 1643 7
1058 1642 1061 1643 1
1065 1642 1068 1644 1
1068 1642 1072 1644 7
1072 1642 1079 1644 1
1023 1643 1055 1644 1
1055 1643 1059 1645 7
1059 1643 1061 1644 1
964 1644 1014 1646 1
1014 1644 1022 1646 6
1022 1644 1039 1645 1
1039 1644 1041 1645 7
1041 1644 1055 1645 1
1059 1644 1069 1645 1
1069 1644 1071 1645 7
1071 1644 1080 1645 1
1080 1644 1084 1645 7
1084 1644 1097 1645 1
1022 1645 1038 1646 1
1038 1645 1042 1646 7
1042 1645 1056 1646 1
1056 1645 1058 1646 7
1058 1645 1097 1646 1
964 1646 1013 1649 1
1013 1646 1021 1649 6
1021 1646 1037 1648 1
1037 1646 1043 1648 7
1043 1646 1097 1648 1
1021 1648 1038 1649 1
1038 1648 1042 1649 7
1042 1648 1097 1649 1
964 1649 1012 1652 1
1012 1649 1020 1652 6
1020 1649 1033 1652 1
1033 1649 1037 1653 7
1037 1649 1039 1650 1
1039 1649 1041 1650 7
1041 1649 1046 1650 1
1046 1649 1048 1651 7
1048 1649 1064 1650 1
1064 1649 1068 1650 7
1068 1649 1097 1650 1
1037 1650 1046 1651 1
1048 1650 1063 1651 1
1063 1650 1069 1654 7
1069 1650 1097 1654 1
1037 1651 1063 1653 1
964 1652 1011 1662 1
1011 1652 1019 1666 6
1019 1652 1033 1653 1
930 1653 948 1654 5
1019 1653 1063 1654 1
903 1654 956 1662 1
1019 1654 1064 1655 1
1064 1654 1068 1655 7
1068 1654 1077 1655 1
1077 1654 1081 1655 7
1081 1654 1097 1655 1
1019 1655 1076 1659 1
1076 1655 1082 1657 7
1082 1655 1097 1657 1
1076 1657 1085 1659 7
1085 1657 1097 1661 1
1019 1659 1077 1661 1
1077 1659 1085 1661 7
1019 1661 1078 1662 1
1078 1661 1082 1662 7
1082 1661 1097 1662 1
903 1662 926 1664 1
926 1662 928 1664 9
928 1662 940 1664 1
940 1662 942 1664 9
942 1662 954 1664 1
954 1662 956 1664 9
964 1662 968 1664 1
968 1662 970 1664 9
970 1662 982 1664 1
982 1662 984 1664 9
984 1662 996 1664 1
996 1662 998 1664 9
998 1662 1011 1664 1
1019 1662 1097 1666 1
903 1664 956 1666 1
964 1664 1011 1666 1
903 1666 920 1674 1
920 1666 1100 1674 2
903 1674 1014 1675 1
1014 1674 1022 1675 6
1022 1674 1097 1675 1
1097 1674 1100 1737 7
903 1675 1015 1676 1
1015 1675 1023 1677 6
1023 1675 1097 1677 1
903 1676 926 1678 1
926 1676 928 1678 9
928 1676 940 1678 1
940 1676 942 1678 9
942 1676 954 1678 1
954 1676 956 1678 9
956 1676 968 1678 1
968 1676 970 1678 9
970 1676 982 1678 1
982 1676 984 1678 9
984 1676 996 1678 1
996 1676 998 1678 9
998 1676 1015 1677 1
998 1677 1016 1678 1
1016 1677 1024 1681 6
1024 1677 1048 1678 1
1048 1677 1052 1678 7
1052 1677 1070 1678 1
1070 1677 1074 1678 7
1074 1677 1097 1678 1
903 1678 1016 1681 1
1024 1678 1047 1679 1
1047 1678 1053 1682 7
1053 1678 1069 1682 1
1069 1678 1075 1682 7
1075 1678 1097 1681 1
1024 1679 1038 1681 1
1038 1679 1042 1683 7
1042 1679 1047 1682 1
903 1681 1017 1683 1
1017 1681 1025 1683 6
1025 1681 1038 1683 1
1075 1681 1093 1682 1
1093 1681 1095 1682 7
1095 1681 1097 1682 1
1042 1682 1048 1683 1
1048 1682 1052 1683 7
1052 1682 1070 1683 1
1070 1682 1074 1683 7
1074 1682 1076 1683 1
1076 1682 1080 1683 7
1080 1682 1092 1683 1
1092 1682 1096 1683 7
1096 1682 1097 1684 1
903 1683 1018 1684 1
1018 1683 1026 1686 6
1026 1683 1075 1684 1
1075 1683 1081 1687 7
1081 1683 1084 1687 1
1084 1683 1088 1687 7
1088 1683 1091 1684 1
1091 1683 1096 1684 7
903 1684 930 1698 1
930 1684 937 1685 5
937 1684 941 1685 11
941 1684 948 1685 5
948 1684 970 1698 1
970 1684 977 1685 5
977 1684 981 1685 11
981 1684 988 1685 5
988 1684 1018 1686 1
1026 1684 1062 1686 1
1062 1684 1066 1688 7
1066 1684 1075 1687 1
1088 1684 1090 1686 1
1090 1684 1095 1685 7
1095 1684 1097 1685 1
930 1685 931 1697 5
931 1685 947 1697 11
947 1685 948 1697 5
970 1685 971 1697 5
971 1685 987 1697 11
987 1685 988 1697 5
1090 1685 1094 1686 7
1094 1685 1097 1686 1
988 1686 1019 1688 1
1019 1686 1027 1688 6
1027 1686 1062 1688 1
1088 1686 1091 1687 1
1091 1686 1093 1687 7
1093 1686 1097 1687 1
1066 1687 1076 1688 1
1076 1687 1080 1688 7
1080 1687 1097 1688 1
988 1688 1020 1691 1
1020 1688 1028 1691 6
1028 1688 1061 1689 1
1061 1688 1063 1689 7
1063 1688 1097 1689 1
1028 1689 1060 1691 1
1060 1689 1064 1691 7
1064 1689 1097 1691 1
988 1691 1021 1698 1
1021 1691 1029 1706 6
1029 1691 1061 1692 1
1061 1691 1063 1692 7
1063 1691 1097 1692 1
1029 1692 1047 1693 1
1047 1692 1049 1693 7
1049 1692 1097 1693 1
1029 1693 1043 1694 1
1043 1693 1050 1694 7
1050 1693 1097 1695 1
1029 1694 1039 1695 1
1039 1694 1041 1695 7
1041 1694 1042 1695 1
1042 1694 1050 1695 7
1029 1695 1038 1696 1
1038 1695 1049 1696 7
1049 1695 1097 1696 1
1029 1696 1037 1698 1
1037 1696 1048 1698 7
1048 1696 1097 1698 1
930 1697 948 1698 5
970 1697 988 1698 5
903 1698 1021 1706 1
1029 1698 1038 1699 1
1038 1698 1042 1699 7
1042 1698 1043 1699 1
1043 1698 1047 1699 7
1047 1698 1097 1699 1
1029 1699 1035 1704 1
1035 1699 1041 1701 7
1041 1699 1097 1700 1
1041 1700 1050 1701 1
1050 1700 1066 1702 4
1066 1700 1074 1702 8
1074 1700 1090 1702 4
1090 1700 1097 1717 1
1035 1701 1042 1702 7
1042 1701 1050 1702 1
1035 1702 1043 1704 7
1043 1702 1050 1704 1
1050 1702 1052 1730 4
1052 1702 1088 1720 3
1088 1702 1090 1730 4
1029 1704 1038 1705 1
1038 1704 1042 1705 7
1042 1704 1050 1705 1
1029 1705 1039 1706 1
1039 1705 1041 1706 7
1041 1705 1050 1706 1
903 1706 1020 1709 1
1020 1706 1028 1709 6
1028 1706 1046 1709 1
1046 1706 1050 1710 7
903 1709 1019 1712 1
1019 1709 1027 1712 6
1027 1709 1046 1710 1
1027 1710 1050 1712 1
903 1712 1018 1714 1
1018 1712 1026 1714 6
1026 1712 1050 1714 1
903 1714 1017 1716 1
1017 1714 1025 1716 6
1025 1714 1050 1716 1
903 1716 1016 1720 1
1016 1716 1024 1720 6
1024 1716 1050 1717 1
1024 1717 1038 1720 1
1038 1717 1042 1721 7
1042 1717 1050 1721 1
1090 1717 1091 1718 7
1091 1717 1097 1718 1
1090 1718 1092 1719 7
1092 1718 1097 1719 1
1090 1719 1093 1721 7
1093 1719 1097 1721 1
903 1720 1015 1723 1
1015 1720 1023 1723 6
1023 1720 1038 1721 1
1052 1720 1058 1722 3
1058 1720 1060 1722 10
1060 1720 1080 1722 3
1080 1720 1082 1722 10
1082 1720 1088 1722 3
1023 1721 1050 1723 1
1090 1721 1092 1722 7
1092 1721 1097 1722 1
1052 1722 1088 1725 3
1090 1722 1091 1723 7
1091 1722 1097 1723 1
903 1723 1014 1725 1
1014 1723 1022 1725 6
1022 1723 1050 1725 1
1090 1723 1097 1732 1
903 1725 1013 1727 1
1013 1725 1021 1727 6
1021 1725 1045 1726 1
1045 1725 1047 1726 7
1047 1725 1050 1726 1
1052 1725 1069 1727 3
1069 1725 1071 1727 10
1071 1725 1088 1727 3
1021 1726 1044 1727 1
1044 1726 1048 1727 7
1048 1726 1050 1727 1
903 1727 1012 1731 1
1012 1727 1020 1731 6
1020 1727 1043 1729 1
1043 1727 1049 1729 7
1049 1727 1050 1729 1
1052 1727 1088 1730 3
1020 1729 1044 1730 1
1044 1729 1048 1730 7
1048 1729 1050 1730 1
1020 1730 1045 1731 1
1045 1730 1047 1731 7
1047 1730 1050 1731 1
1050 1730 1090 1732 4
903 1731 1011 1737 1
1011 1731 1019 1737 6
1019 1731 1050 1732 1
1019 1732 1097 1737 1
900 1737 1100 1740 7
